1.233333 -0.007987 -0.011359 0.016732
1.333333 -0.010294 -0.005277 0.021481
1.433333 -0.013885 -0.000056 0.035849
1.533333 -0.017950 0.000018 0.055227
1.633333 -0.020275 -0.002355 0.059807
1.733333 -0.018248 -0.001839 0.044557
1.833333 -0.018726 -0.004978 0.022888
1.933333 -0.026188 -0.011327 0.012498
2.033333 -0.033600 -0.017685 0.013693
2.133333 -0.039400 -0.024186 0.014256
2.233333 -0.051129 -0.038002 0.016833
2.333333 -0.066394 -0.052076 0.016363
2.433332 -0.078480 -0.065916 0.015170
2.533332 -0.080134 -0.072823 0.018578
2.633332 -0.073735 -0.080414 0.022301
2.733332 -0.060843 -0.086945 0.030665
2.833332 -0.042763 -0.092284 0.033214
2.933332 -0.025310 -0.100148 0.038404
3.033332 -0.012238 -0.108059 0.041617
3.133332 -0.001511 -0.108304 0.039318
3.233332 0.003772 -0.109003 0.037230
3.333332 0.005630 -0.106709 0.033840
3.433331 0.007401 -0.097394 0.029959
3.533331 0.012221 -0.089136 0.029063
3.633331 0.017412 -0.081890 0.028566
3.733331 0.016311 -0.075544 0.026631
3.833331 0.019398 -0.063701 0.025544
3.933331 0.029137 -0.050474 0.025832
4.033331 0.045635 -0.040149 0.029127
4.133331 0.062295 -0.027734 0.031530
4.233331 0.069129 -0.012767 0.030646
4.333331 0.069364 -0.003231 0.028719
4.433331 0.071915 0.008470 0.028356
4.533330 0.071887 0.020585 0.027599
4.633330 0.069027 0.020499 0.027508
4.733330 0.066581 0.021857 0.027239
4.833330 0.060304 0.025418 0.026410
4.933330 0.053087 0.021729 0.025434
5.033330 0.045707 0.021574 0.024734
5.133330 0.045314 0.022035 0.024677
5.233330 0.040243 0.021816 0.024817
5.333330 0.034158 0.016631 0.024433
5.433330 0.025202 0.015002 0.023385
5.533329 0.023054 0.012414 0.023598
5.633329 0.022369 0.016920 0.023289
5.733329 0.024572 0.019676 0.023234
5.833329 0.024976 0.023134 0.023070
5.933329 0.024494 0.024546 0.022247
6.033329 0.026925 0.026926 0.021981
6.133329 0.025883 0.025775 0.021566
6.233329 0.025982 0.025800 0.021619
6.333329 0.026769 0.025623 0.021821
6.433329 0.026274 0.024193 0.022298
6.533329 0.022980 0.019769 0.022822
6.633328 0.019357 0.014562 0.022928
6.733328 0.016075 0.008432 0.022303
6.833328 0.016992 0.009966 0.022891
6.933328 0.019902 0.009798 0.022233
7.033328 0.020555 0.009200 0.021658
7.133328 0.019236 0.006178 0.020927
7.233328 0.022804 0.005368 0.019804
7.333328 0.023023 0.004810 0.019522
7.433328 0.023951 0.005751 0.019760
7.533328 0.026931 0.005164 0.018149
7.633327 0.028243 0.006639 0.018080
7.733327 0.027576 0.007233 0.018523
7.833327 0.026061 0.004567 0.017545
7.933327 0.024055 0.002566 0.017588
8.033327 0.022575 0.001815 0.016771
8.133328 0.019920 0.000531 0.016541
8.233330 0.019019 0.000463 0.015901
8.333331 0.018737 0.000283 0.015761
8.433332 0.016568 0.000026 0.015781
8.533334 0.015827 0.000852 0.016477
8.633335 0.015835 0.003039 0.016835
8.733336 0.016285 0.003842 0.016932
8.833338 0.015316 0.006167 0.017869
8.933339 0.013929 0.005444 0.018225
9.033340 0.013280 0.004992 0.018351
9.133342 0.013855 0.005962 0.018608
9.233343 0.014186 0.005476 0.018462
9.333344 0.013904 0.003673 0.017927
9.433346 0.013869 0.002618 0.017803
9.533347 0.013965 0.001863 0.017644
9.633348 0.013993 0.001635 0.017268
9.733350 0.013152 -0.000142 0.017414
9.833351 0.012478 -0.000608 0.016906
9.933352 0.012047 -0.000352 0.016447
10.033354 0.011864 -0.000571 0.016611
10.133355 0.011270 -0.000289 0.016729
10.233356 0.010916 0.000643 0.016724
10.333358 0.010432 0.000830 0.016748
10.433359 0.010125 0.000482 0.016672
10.533360 0.009295 0.000582 0.016364
10.633362 0.009580 0.001882 0.016213
10.733363 0.009093 0.003302 0.016686
10.833364 0.008594 0.004437 0.017272
10.933366 0.008350 0.006070 0.018054
11.033367 0.008253 0.007556 0.018730
11.133368 0.008240 0.008762 0.019279
11.233370 0.008318 0.010332 0.019660
11.333371 0.008291 0.011285 0.019941
11.433372 0.008095 0.011186 0.020043
11.533374 0.008130 0.010540 0.020349
11.633375 0.007893 0.009677 0.020832
11.733377 0.008022 0.009773 0.021262
11.833378 0.007592 0.010049 0.021684
11.933379 0.007248 0.009775 0.022124
12.033381 0.007015 0.008932 0.022659
12.133382 0.006971 0.008524 0.023198
12.233383 0.006790 0.008365 0.023590
12.333385 0.006485 0.008113 0.023729
12.433386 0.006238 0.007367 0.023766
12.533387 0.006040 0.006291 0.023806
12.633389 0.005821 0.005144 0.023798
12.733390 0.005746 0.004583 0.023642
12.833391 0.005678 0.004379 0.024015
12.933393 0.005758 0.004720 0.024246
13.033394 0.005712 0.004038 0.024106
13.133395 0.005661 0.003575 0.024365
13.233397 0.005715 0.003821 0.024418
13.333398 0.005758 0.004304 0.024396
13.433399 0.005784 0.004655 0.024694
13.533401 0.005697 0.004225 0.024692
13.633402 0.005726 0.004474 0.024943
13.733403 0.005716 0.003949 0.024851
13.833405 0.005656 0.003793 0.025102
13.933406 0.005458 0.003558 0.025436
14.033407 0.005294 0.003567 0.025712
14.133409 0.005206 0.003494 0.025870
14.233410 0.005316 0.004022 0.025739
14.333411 0.005397 0.004664 0.025706
14.433413 0.005449 0.005460 0.025689
14.533414 0.005442 0.006441 0.025776
14.633415 0.005407 0.006292 0.025774
14.733417 0.005570 0.006882 0.025869
14.833418 0.005454 0.006843 0.026075
14.933419 0.005695 0.007313 0.026268
15.033421 0.005885 0.007546 0.026504
15.133422 0.006103 0.007959 0.026591
15.233423 0.006239 0.008283 0.026707
15.333425 0.006301 0.008688 0.026801
15.433426 0.006242 0.008878 0.026980
15.533427 0.006178 0.009069 0.026965
15.633429 0.005862 0.008706 0.027024
15.733430 0.005517 0.008223 0.027169
15.833431 0.005475 0.007868 0.027275
15.933433 0.004997 0.007177 0.027395
16.033432 0.004991 0.007240 0.027377
16.133430 0.004679 0.007048 0.027496
16.233429 0.004728 0.007142 0.027373
16.333427 0.004908 0.007682 0.027073
16.433426 0.004739 0.007692 0.027235
16.533424 0.004798 0.008056 0.027268
16.633423 0.004868 0.008229 0.027279
16.733421 0.004798 0.008321 0.026791
16.833420 0.004954 0.007922 0.026873
16.933418 0.005272 0.007664 0.027298
17.033417 0.005348 0.007212 0.027330
17.133415 0.005391 0.006529 0.027365
17.233414 0.005390 0.005990 0.027381
17.333412 0.005213 0.005462 0.027177
17.433411 0.004993 0.005016 0.026976
17.533409 0.004706 0.004702 0.026705
17.633408 0.004415 0.004265 0.026497
17.733406 0.004440 0.004232 0.026623
17.833405 0.004392 0.004514 0.026677
17.933403 0.004515 0.004808 0.026732
18.033401 0.004144 0.004908 0.026486
18.133400 0.003986 0.005480 0.026244
18.233398 0.003771 0.005963 0.026061
18.333397 0.003638 0.006848 0.025805
18.433395 0.003659 0.007776 0.025713
18.533394 0.003691 0.008670 0.025702
18.633392 0.003625 0.009368 0.025711
18.733391 0.003317 0.009617 0.025743
18.833389 0.003273 0.009766 0.025983
18.933388 0.003017 0.009972 0.025861
19.033386 0.002795 0.009516 0.025811
19.133385 0.002564 0.009668 0.025739
19.233383 0.002594 0.009761 0.025906
19.333382 0.002510 0.009831 0.025849
19.433380 0.002362 0.009530 0.025713
19.533379 0.002223 0.009786 0.025776
19.633377 0.002263 0.010092 0.025739
19.733376 0.002180 0.010505 0.025701
19.833374 0.002168 0.011218 0.025783
19.933372 0.002014 0.011696 0.025837
