1.233333 -0.176935 0.916876 0.161479 0.008934 0.095593 0.076492 0.992437
1.333333 -0.210367 1.008047 0.174132 0.003253 0.098243 0.084654 0.991550
1.433333 -0.246564 1.098671 0.186540 -0.002510 0.099750 0.092881 0.990665
1.533333 -0.285537 1.189362 0.197425 -0.008422 0.100204 0.101156 0.989776
1.633333 -0.327224 1.279620 0.207351 -0.014185 0.099495 0.109435 0.988900
1.733333 -0.371769 1.369759 0.216139 -0.019685 0.097691 0.117734 0.988032
1.833333 -0.419158 1.459530 0.224287 -0.025102 0.094837 0.125907 0.987179
1.933333 -0.469536 1.549863 0.231212 -0.030237 0.090786 0.134164 0.986328
2.033333 -0.522547 1.639327 0.237190 -0.034880 0.085940 0.142258 0.985475
2.133333 -0.577737 1.727007 0.242018 -0.038851 0.080220 0.150277 0.984618
2.233333 -0.634502 1.812081 0.246034 -0.042400 0.073515 0.158241 0.983747
2.333333 -0.695170 1.900008 0.248510 -0.045618 0.065997 0.166180 0.982826
2.433332 -0.758155 1.985900 0.250554 -0.048061 0.057761 0.173839 0.981903
2.533332 -0.823173 2.070371 0.251497 -0.049888 0.049233 0.181460 0.980897
2.633332 -0.889820 2.152248 0.251645 -0.050958 0.040407 0.188965 0.979828
2.733332 -0.956174 2.228511 0.250304 -0.051602 0.031240 0.196407 0.978665
2.833332 -1.023978 2.302993 0.246900 -0.051647 0.021552 0.203762 0.977420
2.933332 -1.095135 2.378530 0.242484 -0.050885 0.011635 0.211043 0.976082
3.033332 -1.165956 2.450047 0.235752 -0.049822 0.001224 0.218316 0.974605
3.133332 -1.239712 2.522690 0.228263 -0.048172 -0.009120 0.225516 0.973005
3.233332 -1.317246 2.597368 0.220574 -0.045589 -0.019068 0.232653 0.971304
3.333332 -1.399160 2.674465 0.211850 -0.042357 -0.029082 0.239796 0.969463
3.433331 -1.481719 2.749302 0.202513 -0.038561 -0.038635 0.246975 0.967483
3.533331 -1.565443 2.822459 0.192613 -0.034463 -0.047510 0.254134 0.965387
3.633331 -1.651129 2.895120 0.182047 -0.029589 -0.055915 0.261325 0.963176
3.733331 -1.740779 2.969141 0.170628 -0.024496 -0.063765 0.268591 0.960829
3.833331 -1.834818 3.044297 0.158360 -0.018818 -0.070782 0.275847 0.958407
3.933331 -1.931153 3.118695 0.145380 -0.012946 -0.077023 0.283217 0.955870
4.033331 -2.028161 3.190784 0.131847 -0.006649 -0.082287 0.290594 0.953278
4.133331 -2.128891 3.263313 0.117534 -0.000486 -0.086737 0.298113 0.950582
4.233331 -2.233028 3.336365 0.102300 0.005748 -0.090220 0.305726 0.947818
4.333331 -2.338862 3.407930 0.086727 0.012093 -0.092725 0.313336 0.945027
4.433331 -2.450924 3.482481 0.070027 0.018391 -0.094202 0.321053 0.942185
4.533330 -2.561179 3.552751 0.053733 0.024515 -0.094684 0.328818 0.939315
4.633330 -2.674933 3.623890 0.036496 0.030188 -0.094058 0.336658 0.936431
4.733330 -2.793263 3.695164 0.018986 0.035801 -0.092412 0.344396 0.933579
4.833330 -2.914149 3.766864 0.000881 0.040765 -0.089791 0.352237 0.930701
4.933330 -3.036720 3.836478 -0.016873 0.045443 -0.086157 0.360022 0.927845
5.033330 -3.166943 3.909827 -0.035980 0.049484 -0.081602 0.367787 0.925000
5.133330 -3.302129 3.983245 -0.055087 0.053145 -0.076210 0.375450 0.922174
5.233330 -3.442323 4.058275 -0.074880 0.056049 -0.070007 0.383093 0.919346
5.333330 -3.578412 4.127301 -0.093262 0.058354 -0.063007 0.390590 0.916550
5.433330 -3.722242 4.199651 -0.112600 0.060053 -0.055375 0.398038 0.913725
5.533329 -3.865717 4.268808 -0.131045 0.060860 -0.047147 0.405387 0.910898
5.633329 -4.013073 4.338551 -0.149580 0.061073 -0.038471 0.412617 0.908041
5.733329 -4.155435 4.402328 -0.166408 0.060456 -0.029276 0.419693 0.905177
5.833329 -4.307116 4.469836 -0.183883 0.059197 -0.019978 0.426708 0.902229
5.933329 -4.455986 4.533114 -0.199834 0.057086 -0.010395 0.433582 0.899244
6.033329 -4.612456 4.598410 -0.216431 0.054225 -0.000757 0.440372 0.896176
6.133329 -4.767024 4.660317 -0.231558 0.050768 0.008866 0.447053 0.893022
6.233329 -4.921993 4.720439 -0.246117 0.046619 0.018373 0.453689 0.889750
6.333329 -5.081700 4.780652 -0.260166 0.041817 0.027563 0.460207 0.886398
6.433329 -5.239614 4.837877 -0.272802 0.036429 0.036467 0.466673 0.882927
6.533329 -5.398113 4.893357 -0.284367 0.030712 0.044950 0.473135 0.879306
6.633328 -5.555769 4.946543 -0.294534 0.024358 0.052826 0.479555 0.875582
6.733328 -5.714404 4.998350 -0.303653 0.017786 0.060164 0.485987 0.871711
6.833328 -5.873822 5.048666 -0.311611 0.010906 0.066765 0.492438 0.867715
6.933328 -6.035855 5.098294 -0.318596 0.003803 0.072583 0.498952 0.863576
7.033328 -6.195203 5.145258 -0.323875 -0.003443 0.077571 0.505439 0.859361
7.133328 -6.360094 5.192611 -0.328610 -0.010724 0.081654 0.512039 0.855005
7.233328 -6.521465 5.236836 -0.331524 -0.017876 0.084858 0.518628 0.850590
7.333328 -6.688257 5.281405 -0.333801 -0.024925 0.087094 0.525301 0.846080
7.433328 -6.853581 5.323468 -0.334674 -0.031823 0.088366 0.531986 0.841528
7.533328 -7.022633 5.365323 -0.334493 -0.038315 0.088611 0.538757 0.836912
7.633327 -7.193083 5.405595 -0.333243 -0.044498 0.087913 0.545518 0.832287
7.733327 -7.367069 5.445557 -0.331022 -0.050241 0.086210 0.552381 0.827599
7.833327 -7.542438 5.483966 -0.327900 -0.055372 0.083630 0.559228 0.822924
7.933327 -7.718351 5.521136 -0.323386 -0.059964 0.080071 0.566105 0.818241
8.033327 -7.896421 5.557021 -0.318284 -0.063889 0.075746 0.572944 0.813582
8.133328 -8.073125 5.591044 -0.311678 -0.067129 0.070561 0.579794 0.808921
8.233330 -8.251326 5.623813 -0.304492 -0.069705 0.064646 0.586543 0.804319
8.333331 -8.429443 5.654962 -0.295894 -0.071379 0.058078 0.593287 0.799714
8.433332 -8.608182 5.684946 -0.286578 -0.072283 0.050935 0.599928 0.795152
8.533334 -8.786429 5.713049 -0.276008 -0.072316 0.043271 0.606496 0.790607
8.633335 -8.966285 5.740291 -0.264715 -0.071609 0.035200 0.612970 0.786066
8.733336 -9.145525 5.765726 -0.252429 -0.070043 0.026734 0.619308 0.781560
8.833338 -9.325263 5.789863 -0.239281 -0.067567 0.018087 0.625540 0.777050
8.933339 -9.506760 5.812854 -0.225239 -0.064294 0.009314 0.631665 0.772515
9.033340 -9.687293 5.834163 -0.210260 -0.060285 0.000432 0.637645 0.767968
9.133342 -9.868988 5.854114 -0.194483 -0.055485 -0.008293 0.643512 0.763377
9.233343 -10.051338 5.872599 -0.178066 -0.049994 -0.016901 0.649261 0.758733
9.333344 -10.234439 5.889641 -0.161245 -0.043885 -0.025243 0.654904 0.754015
9.433346 -10.417978 5.905228 -0.144060 -0.037250 -0.033190 0.660446 0.749215
9.533347 -10.601954 5.919476 -0.126569 -0.030148 -0.040761 0.665920 0.744298
9.633348 -10.786243 5.932307 -0.108765 -0.022550 -0.047747 0.671324 0.739281
9.733350 -10.970855 5.943713 -0.090826 -0.014706 -0.054142 0.676677 0.734140
9.833351 -11.155538 5.953686 -0.072871 -0.006604 -0.059799 0.681989 0.728884
9.933352 -11.340249 5.962215 -0.054814 0.001638 -0.064763 0.687264 0.723513
10.033354 -11.524922 5.969357 -0.036673 0.009915 -0.068961 0.692549 0.717998
10.133355 -11.708950 5.975060 -0.018458 0.018217 -0.072352 0.697821 0.712375
10.233356 -11.892885 5.979337 -0.000253 0.026318 -0.074889 0.703102 0.706645
10.333358 -12.076743 5.982135 0.017902 0.034228 -0.076565 0.708418 0.700793
10.433359 -12.260657 5.983380 0.035909 0.041837 -0.077299 0.713772 0.694842
10.533360 -12.444313 5.983113 0.053658 0.049012 -0.077227 0.719136 0.688824
10.633362 -12.627862 5.981329 0.071038 0.055648 -0.076265 0.724543 0.682733
10.733363 -12.811544 5.978276 0.087456 0.061701 -0.074401 0.729995 0.676583
10.833364 -12.994990 5.973583 0.104086 0.067131 -0.071764 0.735476 0.670387
10.933366 -13.178283 5.967693 0.119352 0.071774 -0.068310 0.740990 0.664166
11.033367 -13.361708 5.960118 0.134813 0.075753 -0.064096 0.746510 0.657934
11.133368 -13.544252 5.951281 0.148729 0.078817 -0.059188 0.752019 0.651730
11.233370 -13.727415 5.940651 0.162894 0.081083 -0.053629 0.757527 0.645525
11.333371 -13.909109 5.928888 0.175261 0.082389 -0.047478 0.763000 0.639365
11.433372 -14.091935 5.915513 0.187841 0.082803 -0.040911 0.768420 0.633246
11.533374 -14.273707 5.900762 0.199207 0.082314 -0.033904 0.773779 0.627169
11.633375 -14.454936 5.884581 0.209628 0.080917 -0.026549 0.779063 0.621135
11.733377 -14.636112 5.866945 0.219018 0.078534 -0.018988 0.784252 0.615160
11.833378 -14.816488 5.847842 0.227473 0.075279 -0.011306 0.789342 0.609216
11.933379 -14.995862 5.827339 0.234934 0.071150 -0.003470 0.794316 0.603314
12.033381 -15.174482 5.805317 0.241293 0.066229 0.004306 0.799176 0.597422
12.133382 -15.352187 5.781765 0.246406 0.060494 0.011872 0.803934 0.591515
12.233383 -15.528429 5.756804 0.250209 0.054015 0.019340 0.808560 0.585610
12.333385 -15.703737 5.730428 0.252796 0.046895 0.026460 0.813043 0.579709
12.433386 -15.877988 5.702665 0.254103 0.039152 0.033205 0.817423 0.573746
12.533387 -16.051651 5.673483 0.254243 0.030960 0.039455 0.821673 0.567749
12.633389 -16.224410 5.642895 0.253158 0.022321 0.045244 0.825808 0.561691
12.733390 -16.396073 5.610917 0.250882 0.013391 0.050535 0.829835 0.555554
12.833391 -16.567184 5.577434 0.247460 0.004222 0.055048 0.833807 0.549289
12.933393 -16.737445 5.542680 0.242958 -0.005014 0.058985 0.837681 0.542943
13.033394 -16.906717 5.506501 0.237464 -0.014297 0.062039 0.841520 0.536462
13.133395 -17.074567 5.468973 0.230956 -0.023436 0.064458 0.845288 0.529891
13.233397 -17.240993 5.430131 0.223494 -0.032391 0.066011 0.849045 0.523178
13.333398 -17.404947 5.390104 0.214944 -0.041057 0.066745 0.852793 0.516336
13.433399 -17.568780 5.348578 0.205222 -0.049287 0.066801 0.856498 0.509430
13.533401 -17.730015 5.305910 0.194469 -0.057026 0.066053 0.860237 0.502371
13.633402 -17.890125 5.261820 0.182732 -0.064160 0.064532 0.863969 0.495254
13.733403 -18.048473 5.216504 0.170087 -0.070722 0.062224 0.867715 0.488055
13.833405 -18.205389 5.169659 0.156604 -0.076474 0.059157 0.871515 0.480743
13.933406 -18.360686 5.121620 0.142317 -0.081442 0.055587 0.875310 0.473402
14.033407 -18.515021 5.071965 0.127280 -0.085495 0.051384 0.879143 0.466003
14.133409 -18.667052 5.021488 0.111518 -0.088686 0.046589 0.882964 0.458626
14.233410 -18.817301 4.969464 0.095156 -0.090897 0.041114 0.886815 0.451228
14.333411 -18.966248 4.916512 0.078221 -0.092115 0.035395 0.890635 0.443882
14.433413 -19.113010 4.861998 0.060814 -0.092359 0.029344 0.894456 0.436529
14.533414 -19.258123 4.806691 0.042941 -0.091579 0.022793 0.898231 0.429273
14.633415 -19.401232 4.749783 0.024698 -0.089792 0.016183 0.901987 0.422013
14.733417 -19.542689 4.692053 0.006331 -0.086984 0.009433 0.905671 0.414856
14.833418 -19.681789 4.632752 -0.012414 -0.083245 0.002704 0.909302 0.407717
14.933419 -19.819992 4.572623 -0.031037 -0.078538 -0.004130 0.912820 0.400716
15.033421 -19.955115 4.511030 -0.049923 -0.072980 -0.010495 0.916278 0.393698
15.133422 -20.089327 4.448719 -0.068550 -0.066553 -0.016913 0.919591 0.386829
15.233423 -20.220353 4.384964 -0.087304 -0.059444 -0.023241 0.922828 0.379889
15.333425 -20.350209 4.320463 -0.105613 -0.051591 -0.029112 0.925907 0.373077
15.433426 -20.476982 4.254647 -0.123823 -0.043124 -0.034413 0.928880 0.366249
15.533427 -20.601960 4.188237 -0.141549 -0.034202 -0.039335 0.931711 0.359440
15.633429 -20.724887 4.120529 -0.158968 -0.024849 -0.043594 0.934426 0.352604
15.733430 -20.845105 4.051886 -0.175920 -0.015183 -0.047400 0.937013 0.345729
15.833431 -20.963407 3.982094 -0.192471 -0.005285 -0.050547 0.939476 0.338825
15.933433 -21.079019 3.911511 -0.208420 0.004669 -0.052849 0.941834 0.331866
16.033432 -21.192626 3.839754 -0.223760 0.014595 -0.054602 0.944095 0.324791
16.133430 -21.303506 3.767171 -0.238424 0.024422 -0.055822 0.946259 0.317619
16.233429 -21.412007 3.693598 -0.252313 0.034019 -0.056116 0.948348 0.310371
16.333427 -21.518125 3.618974 -0.265363 0.043270 -0.055798 0.950379 0.302976
16.433426 -21.621573 3.543397 -0.277433 0.052044 -0.054771 0.952365 0.295452
16.533424 -21.722587 3.467047 -0.288504 0.060335 -0.052910 0.954282 0.287934
16.633423 -21.821222 3.389715 -0.298644 0.067977 -0.050681 0.956193 0.280189
16.733421 -21.917330 3.311874 -0.307588 0.074850 -0.047533 0.958080 0.272433
16.833420 -22.010602 3.232926 -0.315541 0.080987 -0.044090 0.959958 0.264532
16.933418 -22.102112 3.153394 -0.322279 0.086231 -0.040182 0.961831 0.256577
17.033417 -22.190325 3.073104 -0.327995 0.090556 -0.035403 0.963714 0.248598
17.133415 -22.276917 2.991670 -0.332588 0.093913 -0.030513 0.965619 0.240479
17.233414 -22.359910 2.909675 -0.335991 0.096231 -0.025184 0.967519 0.232404
17.333412 -22.441987 2.826269 -0.338577 0.097485 -0.019453 0.969434 0.224312
17.433411 -22.519790 2.742720 -0.339713 0.097701 -0.013623 0.971335 0.216279
17.533409 -22.596623 2.657789 -0.340000 0.096884 -0.007667 0.973249 0.208183
17.633408 -22.669106 2.572520 -0.338563 0.094989 -0.001584 0.975152 0.200133
17.733406 -22.741058 2.485760 -0.336701 0.092030 0.004333 0.977030 0.192156
17.833405 -22.808049 2.399225 -0.332946 0.088099 0.010280 0.978870 0.184245
17.933403 -22.874453 2.311471 -0.328807 0.083179 0.016171 0.980650 0.176478
18.033401 -22.935904 2.223994 -0.322672 0.077359 0.021559 0.982385 0.168734
18.133400 -22.996902 2.134908 -0.316345 0.070643 0.026907 0.984038 0.161106
18.233398 -23.052928 2.046108 -0.308030 0.063170 0.031495 0.985624 0.153501
18.333397 -23.108452 1.955607 -0.299716 0.054953 0.035952 0.987100 0.146017
18.433395 -23.158770 1.865617 -0.289302 0.046195 0.039948 0.988466 0.138579
18.533394 -23.208364 1.774144 -0.278779 0.036852 0.043487 0.989711 0.131235
18.633392 -23.253082 1.683042 -0.266329 0.027144 0.046184 0.990852 0.123865
18.733391 -23.296692 1.590367 -0.253705 0.017087 0.048302 0.991865 0.116532
18.833389 -23.336771 1.497686 -0.239889 0.006854 0.049866 0.992743 0.109211
18.933388 -23.373869 1.404866 -0.225151 -0.003480 0.050746 0.993492 0.101909
19.033386 -23.407952 1.311578 -0.209515 -0.013763 0.051118 0.994113 0.094531
19.133385 -23.439098 1.218193 -0.193214 -0.023951 0.050702 0.994612 0.087196
19.233383 -23.467198 1.124332 -0.176236 -0.033808 0.049544 0.995012 0.079708
19.333382 -23.492317 1.030218 -0.158825 -0.043439 0.047726 0.995301 0.072190
19.433380 -23.514455 0.935624 -0.140904 -0.052472 0.045606 0.995490 0.064548
19.533379 -23.533630 0.840593 -0.122597 -0.061011 0.042708 0.995604 0.056804
19.633377 -23.549466 0.745801 -0.103392 -0.068876 0.039044 0.995656 0.048993
19.733376 -23.562737 0.649849 -0.084676 -0.076006 0.035106 0.995644 0.041029
19.833374 -23.572621 0.554523 -0.064888 -0.082291 0.030565 0.995591 0.033050
19.933372 -23.579924 0.458356 -0.046099 -0.087720 0.025841 0.995497 0.024959
20.033371 -23.583836 0.362745 -0.026137 -0.092211 0.020754 0.995382 0.016783
20.133369 -23.585051 0.265912 -0.007473 -0.095671 0.015355 0.995258 0.008475
20.233368 -23.582837 0.169705 0.012584 -0.098050 0.009656 0.995135 0.000178
20.333366 -23.578112 0.073122 0.030687 -0.099524 0.004012 0.994994 -0.008136
20.433365 -23.569807 -0.023121 0.050190 -0.099769 -0.001672 0.994872 -0.016496
20.533363 -23.558908 -0.119097 0.067669 -0.099036 -0.007494 0.994747 -0.024776
20.633362 -23.544530 -0.215499 0.086431 -0.097154 -0.013217 0.994630 -0.033141
20.733360 -23.527209 -0.311246 0.104253 -0.094245 -0.018536 0.994516 -0.041387
20.833359 -23.507120 -0.406927 0.119893 -0.090422 -0.023872 0.994379 -0.049634
20.933357 -23.483486 -0.502765 0.136787 -0.085483 -0.028644 0.994250 -0.057777
21.033356 -23.457464 -0.597558 0.151330 -0.079683 -0.033438 0.994085 -0.065780
21.133354 -23.428002 -0.692621 0.166679 -0.073028 -0.037351 0.993898 -0.073742
21.233353 -23.396429 -0.786864 0.179640 -0.065631 -0.041181 0.993651 -0.081576
21.333351 -23.361004 -0.881968 0.193483 -0.057386 -0.044193 0.993362 -0.089362
21.433350 -23.323365 -0.976022 0.205086 -0.048683 -0.046776 0.992992 -0.097001
21.533348 -23.281768 -1.070759 0.217102 -0.039323 -0.048591 0.992547 -0.104610
21.633347 -23.238379 -1.164772 0.227055 -0.029632 -0.049734 0.992012 -0.112077
21.733345 -23.191098 -1.258235 0.236870 -0.019659 -0.050628 0.991351 -0.119472
21.833344 -23.142206 -1.351142 0.244567 -0.009443 -0.050379 0.990604 -0.126791
21.933342 -23.089153 -1.444467 0.252287 0.000883 -0.049790 0.989712 -0.134130
22.033340 -23.034618 -1.537247 0.258035 0.011129 -0.048331 0.988705 -0.141429
22.133339 -22.975949 -1.629035 0.263512 0.021333 -0.046230 0.987586 -0.148599
22.233337 -22.915941 -1.720363 0.266834 0.031149 -0.043722 0.986316 -0.155878
22.333336 -22.851419 -1.812263 0.269985 0.040732 -0.040225 0.984930 -0.163204
22.433334 -22.785833 -1.902651 0.271154 0.049777 -0.036487 0.983429 -0.170466
22.533333 -22.715785 -1.993446 0.272011 0.058318 -0.032169 0.981794 -0.177889
22.633331 -22.644748 -2.082990 0.270829 0.066171 -0.027571 0.980057 -0.185338
22.733330 -22.569505 -2.171734 0.269226 0.073301 -0.022348 0.978244 -0.192786
22.833328 -22.493088 -2.259673 0.265326 0.079589 -0.016966 0.976334 -0.200372
22.933327 -22.411991 -2.348793 0.261421 0.085045 -0.011217 0.974333 -0.208125
23.033325 -22.330408 -2.435160 0.255087 0.089463 -0.005187 0.972318 -0.215793
23.133324 -22.244149 -2.522149 0.248802 0.093005 0.000860 0.970222 -0.223648
23.233322 -22.157213 -2.607585 0.240231 0.095444 0.006918 0.968116 -0.231502
23.333321 -22.065799 -2.692853 0.231818 0.096916 0.012869 0.965977 -0.239439
23.433319 -21.973571 -2.777321 0.221312 0.097265 0.018801 0.963831 -0.247418
23.533318 -21.876957 -2.861679 0.210846 0.096628 0.024790 0.961668 -0.255429
23.633316 -21.779345 -2.945515 0.198428 0.094899 0.030269 0.959514 -0.263458
23.733315 -21.677424 -3.028871 0.185980 0.092145 0.035529 0.957355 -0.271512
23.833313 -21.574842 -3.110769 0.171829 0.088397 0.040269 0.955241 -0.279426
23.933311 -21.468025 -3.192034 0.157715 0.083719 0.044482 0.953115 -0.287374
24.033310 -21.360608 -3.273185 0.141877 0.078057 0.048273 0.950985 -0.295303
24.133308 -21.248870 -3.353079 0.126227 0.071650 0.051501 0.948862 -0.303108
24.233307 -21.136189 -3.433023 0.109352 0.064452 0.054070 0.946731 -0.310842
24.333305 -21.019701 -3.510986 0.092670 0.056619 0.056190 0.944597 -0.318391
24.433304 -20.902572 -3.589218 0.074945 0.048088 0.057483 0.942412 -0.325949
24.533302 -20.781498 -3.665556 0.057351 0.039157 0.058025 0.940202 -0.333347
24.633301 -20.659602 -3.742445 0.038805 0.029778 0.057936 0.937916 -0.340690
24.733299 -20.534084 -3.817032 0.020672 0.020181 0.057076 0.935599 -0.347835
24.833298 -20.408259 -3.891154 0.001833 0.010289 0.055498 0.933200 -0.354896
24.933296 -20.278292 -3.963459 -0.016463 0.000475 0.053273 0.930720 -0.361830
25.033295 -20.148155 -4.035679 -0.035453 -0.009455 0.050236 0.928117 -0.368761
25.133293 -20.014065 -4.106306 -0.053874 -0.019148 0.046743 0.925410 -0.375587
25.233292 -19.879526 -4.176835 -0.073025 -0.028679 0.042408 0.922572 -0.382413
25.333290 -19.741399 -4.245451 -0.091199 -0.037735 0.037636 0.919630 -0.389154
25.433289 -19.602609 -4.314129 -0.109934 -0.046470 0.032368 0.916531 -0.395933
25.533287 -19.460599 -4.380744 -0.127600 -0.054560 0.026639 0.913331 -0.402665
25.633286 -19.317621 -4.447113 -0.145683 -0.062086 0.020595 0.909995 -0.409426
25.733284 -19.171945 -4.511538 -0.162474 -0.068843 0.014106 0.906555 -0.416197
25.833282 -19.025027 -4.575621 -0.179487 -0.074820 0.007521 0.902982 -0.423047
25.933281 -18.875685 -4.638027 -0.195115 -0.079956 0.000610 0.899320 -0.429918
26.033279 -18.724750 -4.699689 -0.211083 -0.084252 -0.006259 0.895548 -0.436871
26.133278 -18.571710 -4.759801 -0.225409 -0.087539 -0.013148 0.891707 -0.443872
26.233276 -18.416072 -4.819441 -0.239847 -0.089893 -0.019988 0.887774 -0.450973
26.333275 -18.259386 -4.877267 -0.252653 -0.091239 -0.026610 0.883817 -0.458078
26.433273 -18.100340 -4.934290 -0.265291 -0.091616 -0.032926 0.879808 -0.465253
26.533272 -17.940322 -4.989695 -0.276231 -0.090932 -0.039022 0.875777 -0.472465
26.633270 -17.778075 -5.044408 -0.286607 -0.089279 -0.044501 0.871737 -0.479713
26.733269 -17.614883 -5.097475 -0.295441 -0.086643 -0.049674 0.867684 -0.486980
26.833267 -17.448788 -5.150109 -0.303720 -0.083088 -0.054322 0.863618 -0.494277
26.933266 -17.282297 -5.200797 -0.310401 0.078633 0.058185 -0.859595 0.501525
27.033264 -17.113111 -5.250740 -0.316641 0.073382 0.061559 -0.855578 0.508735
27.133263 -16.943600 -5.298687 -0.321165 0.067318 0.064170 -0.851599 0.515878
27.233261 -16.771754 -5.345879 -0.325325 0.060586 0.066115 -0.847630 0.522954
27.333260 -16.599698 -5.391285 -0.327638 0.053231 0.067218 -0.843670 0.529971
27.433258 -16.425127 -5.436015 -0.329457 0.045325 0.067528 -0.839735 0.536871
27.533257 -16.250098 -5.479044 -0.329815 0.037022 0.067076 -0.835810 0.543646
27.633255 -16.074375 -5.520679 -0.328877 0.028305 0.065862 -0.831873 0.550317
27.733253 -15.897513 -5.560972 -0.326772 0.019357 0.063747 -0.827919 0.556876
27.833252 -15.719598 -5.599787 -0.323555 0.010264 0.060989 -0.823937 0.563297
27.933250 -15.540648 -5.637228 -0.319150 0.001127 0.057344 -0.819915 0.569605
28.033249 -15.361483 -5.673100 -0.313291 -0.007938 0.052998 -0.815835 0.575796
28.133247 -15.181547 -5.707579 -0.306044 -0.016945 0.048083 -0.811670 0.581888
28.233246 -15.000319 -5.740713 -0.297683 -0.025645 0.042451 -0.807413 0.587898
28.333244 -14.817877 -5.772447 -0.288291 -0.033980 0.036295 -0.803079 0.593795
28.433243 -14.634603 -5.802796 -0.277963 -0.041867 0.029611 -0.798623 0.599642
28.533241 -14.450497 -5.831764 -0.266582 -0.049274 0.022526 -0.794039 0.605448
28.633240 -14.265743 -5.859282 -0.254231 -0.056031 0.015004 -0.789351 0.611196
28.733238 -14.080258 -5.885357 -0.241043 -0.062150 0.007353 -0.784524 0.616932
28.833237 -13.894230 -5.909952 -0.227053 -0.067442 -0.000570 -0.779570 0.622673
28.933235 -13.706850 -5.933186 -0.212325 -0.071961 -0.008495 -0.774509 0.628399
29.033234 -13.518990 -5.954934 -0.196976 -0.075623 -0.016375 -0.769320 0.634161
29.133232 -13.331357 -5.975115 -0.180910 -0.078463 -0.024161 -0.764032 0.639933
29.233231 -13.142286 -5.993952 -0.164125 -0.080376 -0.031777 -0.758632 0.645761
29.333229 -12.953155 -6.011290 -0.146756 -0.081356 -0.039071 -0.753148 0.651631
29.433228 -12.763368 -6.027170 -0.128818 -0.081425 -0.046013 -0.747582 0.657552
29.533226 -12.572988 -6.041595 -0.110453 -0.080616 -0.052463 -0.741938 0.663534
29.633224 -12.383400 -6.054387 -0.091803 -0.078892 -0.058366 -0.736304 0.669496
29.733223 -12.191980 -6.065942 -0.072887 -0.076276 -0.063703 -0.730598 0.675537
29.833221 -12.001818 -6.075879 -0.053708 -0.072843 -0.068350 -0.724912 0.681560
29.933220 -11.809888 -6.084544 -0.034522 -0.068620 -0.072262 -0.719183 0.687638
30.033218 -11.619391 -6.091516 -0.015214 -0.063627 -0.075395 -0.713514 0.693661
30.133217 -11.427378 -6.097137 0.004060 -0.057991 -0.077676 -0.707828 0.699702
30.233215 -11.236497 -6.101163 0.023391 -0.051721 -0.079136 -0.702201 0.705674
30.333214 -11.044892 -6.103646 0.042454 -0.044957 -0.079685 -0.696589 0.711613
30.433212 -10.854100 -6.104602 0.061180 -0.037675 -0.079372 -0.691027 0.717469
30.533211 -10.662713 -6.104134 0.079667 -0.030053 -0.078176 -0.685490 0.723249
30.633209 -10.472135 -6.102089 0.097678 -0.022127 -0.076052 -0.680003 0.728919
30.733208 -10.281742 -6.098432 0.115222 -0.014077 -0.073038 -0.674540 0.734481
30.833206 -10.092274 -6.093202 0.132186 -0.005895 -0.069178 -0.669085 0.739936
30.933205 -9.902907 -6.086483 0.148528 0.002328 -0.064529 -0.663641 0.745259
31.033203 -9.713896 -6.078215 0.164243 0.010376 -0.059109 -0.658183 0.750462
31.133202 -9.525385 -6.068496 0.179186 0.018232 -0.052946 -0.652711 0.755535
31.233200 -9.337381 -6.057267 0.193258 0.025877 -0.046141 -0.647195 0.760486
31.333199 -9.149719 -6.044596 0.206480 0.033118 -0.038789 -0.641618 0.765327
31.433197 -8.962463 -6.030499 0.218898 0.039897 -0.030922 -0.635973 0.770059
31.533195 -8.776469 -6.014967 0.230390 0.046171 -0.022665 -0.630271 0.774669
31.633194 -8.590500 -5.997947 0.240939 0.051890 -0.014097 -0.624442 0.779218
31.733192 -8.405595 -5.979443 0.250427 0.056835 -0.005292 -0.618521 0.783692
31.833191 -8.221147 -5.959454 0.258897 0.061160 0.003615 -0.612496 0.788096
31.933189 -8.037473 -5.937995 0.266316 0.064739 0.012556 -0.606332 0.792473
32.033188 -7.854641 -5.915106 0.272596 0.067550 0.021397 -0.600051 0.796817
32.133186 -7.672599 -5.890730 0.277669 0.069463 0.030132 -0.593659 0.801147
32.233185 -7.491421 -5.864843 0.281563 0.070690 0.038496 -0.587136 0.805476
32.333183 -7.311207 -5.837534 0.284290 0.071012 0.046534 -0.580519 0.809808
32.433182 -7.131873 -5.808785 0.285852 0.070452 0.054106 -0.573785 0.814175
32.533180 -6.953342 -5.778498 0.286229 0.069152 0.061078 -0.566974 0.818552
32.633179 -6.776014 -5.746814 0.285438 0.067141 0.067429 -0.560075 0.822959
32.733177 -6.599850 -5.713407 0.283271 0.064294 0.073086 -0.553112 0.827401
32.833176 -6.424736 -5.678839 0.280179 0.060706 0.077939 -0.546125 0.831858
32.933174 -6.250948 -5.642634 0.275654 0.056548 0.081942 -0.539105 0.836334
33.033173 -6.078839 -5.605428 0.270254 0.051692 0.085111 -0.532115 0.840796
33.133171 -5.907613 -5.566289 0.263364 0.046279 0.087345 -0.525077 0.845295
33.233170 -5.738174 -5.526506 0.255932 0.040431 0.088543 -0.518133 0.849744
33.333168 -5.569822 -5.484756 0.247035 0.034161 0.088810 -0.511180 0.854190
33.433167 -5.403419 -5.442471 0.237536 0.027510 0.088053 -0.504323 0.858573
33.533165 -5.238006 -5.397999 0.226614 0.020689 0.086367 -0.497451 0.862934
33.633163 -5.075459 -5.353182 0.214849 0.013693 0.083700 -0.490717 0.867182
33.733162 -4.913267 -5.305970 0.201973 0.006536 0.080102 -0.483966 0.871389
33.833160 -4.753523 -5.258385 0.188375 -0.000628 0.075567 -0.477324 0.875472
33.933159 -4.594651 -5.208659 0.173781 -0.007666 0.070215 -0.470686 0.879469
34.033157 -4.438222 -5.158607 0.158515 -0.014577 0.064035 -0.464147 0.883320
34.133156 -4.283128 -5.107078 0.142468 -0.021081 0.057067 -0.457631 0.887059
34.233154 -4.129547 -5.054100 0.125743 -0.027422 0.049471 -0.451110 0.890674
34.333153 -3.977657 -4.999764 0.108370 -0.033350 0.041298 -0.444580 0.894165
34.433151 -3.827548 -4.944119 0.090561 -0.038685 0.032570 -0.438044 0.897530
34.533150 -3.679146 -4.887094 0.072380 -0.043632 0.023493 -0.431418 0.900790
34.633148 -3.532698 -4.828993 0.054043 -0.047885 0.014061 -0.424792 0.903914
34.733147 -3.388100 -4.769807 0.035613 -0.051598 0.004399 -0.418071 0.906937
34.833145 -3.245523 -4.709347 0.017063 -0.054510 -0.005369 -0.411290 0.909858
34.933144 -3.104969 -4.647770 -0.001649 -0.056812 -0.015118 -0.404422 0.912681
35.033142 -2.966471 -4.585049 -0.020518 -0.058454 -0.024724 -0.397423 0.915438
35.133141 -2.830354 -4.521312 -0.039413 -0.059349 -0.034142 -0.390339 0.918122
35.233139 -2.696320 -4.456361 -0.058308 -0.059464 -0.043226 -0.383119 0.920769
35.333138 -2.564529 -4.390334 -0.077106 -0.058898 -0.051849 -0.375807 0.923370
35.433136 -2.435052 -4.323161 -0.095682 -0.057551 -0.059940 -0.368375 0.925956
35.533134 -2.307783 -4.254844 -0.113935 -0.055325 -0.067439 -0.360846 0.928537
35.633133 -2.182328 -4.185366 -0.132074 -0.052825 -0.074191 -0.353158 0.931120
35.733131 -2.059913 -4.114915 -0.149294 -0.049507 -0.080168 -0.345462 0.933691
35.833130 -1.938962 -4.043230 -0.166405 -0.045595 -0.085323 -0.337633 0.936293
35.933128 -1.821529 -3.970735 -0.182233 -0.041087 -0.089604 -0.329777 0.938898
36.033127 -1.705336 -3.897006 -0.198106 -0.036133 -0.092845 -0.321894 0.941519
36.133125 -1.592841 -3.822809 -0.212423 -0.030856 -0.095146 -0.314012 0.944135
36.233124 -1.481623 -3.747095 -0.226890 -0.025146 -0.096399 -0.306079 0.946779
36.333122 -1.374512 -3.671232 -0.239527 -0.019252 -0.096609 -0.298239 0.949394
36.433121 -1.268274 -3.593667 -0.252297 -0.013153 -0.095734 -0.290371 0.952023
36.533119 -1.164958 -3.515359 -0.263972 -0.006891 -0.093827 -0.282556 0.954626
36.633118 -1.066072 -3.437400 -0.273422 -0.000631 -0.090966 -0.274870 0.957168
36.733116 -0.967640 -3.357437 -0.283217 0.005540 -0.087058 -0.267190 0.959687
36.833115 -0.874070 -3.278152 -0.290473 0.011463 -0.082230 -0.259603 0.962140
36.933113 -0.780827 -3.196407 -0.298133 0.017530 -0.076403 -0.252103 0.964520
37.033112 -0.692307 -3.115538 -0.303169 0.023015 -0.069844 -0.244668 0.966814
37.133110 -0.604393 -3.032499 -0.308309 0.028489 -0.062458 -0.237322 0.969003
37.233109 -0.521167 -2.950118 -0.311089 0.033492 -0.054407 -0.230023 0.971086
37.333107 -0.438872 -2.865378 -0.313753 0.037777 -0.045715 -0.222728 0.973075
37.433105 -0.360619 -2.781169 -0.314404 0.041749 -0.036479 -0.215524 0.974924
37.533104 -0.283787 -2.694667 -0.314837 0.045128 -0.026819 -0.208275 0.976660
37.633102 -0.210856 -2.609085 -0.313280 0.048164 -0.016919 -0.201163 0.978227
37.733101 -0.140397 -2.522498 -0.310652 0.050206 -0.006786 -0.193907 0.979711
37.833099 -0.072445 -2.435088 -0.306935 0.051484 0.003475 -0.186646 0.981071
37.933098 -0.007037 -2.346811 -0.302196 0.052313 0.013681 -0.179342 0.982300
38.033096 0.055691 -2.258063 -0.296468 0.052612 0.023794 -0.172031 0.983398
38.133095 0.115652 -2.168587 -0.289656 0.051960 0.033632 -0.164543 0.984426
38.233093 0.172733 -2.078468 -0.281702 0.050828 0.043144 -0.157015 0.985343
38.333092 0.226854 -1.988035 -0.272512 0.048890 0.052156 -0.149429 0.986185
38.433090 0.278211 -1.896674 -0.262625 0.046421 0.060677 -0.141683 0.986960
38.533089 0.326362 -1.805198 -0.251327 0.043332 0.068464 -0.133832 0.987686
38.633087 0.371916 -1.712557 -0.239541 0.039729 0.075588 -0.125854 0.988367
38.733086 0.414126 -1.620226 -0.226416 0.035701 0.081835 -0.117861 0.989008
38.833084 0.453661 -1.527111 -0.212990 0.031148 0.087257 -0.109765 0.989630
38.933083 0.489787 -1.434343 -0.198214 0.026260 0.091745 -0.101565 0.990241
39.033081 0.523248 -1.340331 -0.183366 0.021287 0.095158 -0.093327 0.990849
39.133080 0.553406 -1.247048 -0.167035 0.015634 0.097595 -0.085057 0.991462
39.233078 0.580893 -1.152230 -0.150918 0.010125 0.098949 -0.076710 0.992080
39.333076 0.605236 -1.058629 -0.133322 0.004290 0.099225 -0.068447 0.992699
39.433075 0.626800 -0.963520 -0.116399 -0.001500 0.098494 -0.060132 0.993318
39.533073 0.645187 -0.868408 -0.098799 -0.007302 0.096658 -0.051840 0.993940
39.633072 0.660639 -0.774721 -0.079585 -0.012949 0.093692 -0.043720 0.994557
39.733070 0.673201 -0.678833 -0.061612 -0.018469 0.089808 -0.035516 0.995154
39.833069 0.682745 -0.582933 -0.043084 -0.023576 0.084911 -0.027394 0.995733
39.933067 0.689457 -0.489049 -0.022821 -0.028474 0.079019 -0.019494 0.996276
