1.233333 -0.617288 6.078854 -1.342079 -0.000007 0.096261 0.154095 0.983356
1.333333 -0.759605 6.659358 -1.536965 -0.005633 0.098226 0.168246 0.980823
1.433333 -0.916368 7.232934 -1.648284 -0.010591 0.099003 0.182948 0.978068
1.533333 -1.085112 7.800378 -1.664853 -0.018178 0.097827 0.199683 0.974795
1.633333 -1.266921 8.360566 -1.583544 -0.024771 0.096781 0.215153 0.971457
1.733333 -1.461898 8.911504 -1.409923 -0.031769 0.093733 0.231902 0.967691
1.833333 -1.671072 9.453389 -1.162531 -0.037338 0.091940 0.247374 0.963825
1.933333 -1.894395 9.985821 -0.864834 -0.042523 0.086714 0.263204 0.959894
2.033333 -2.130779 10.509331 -0.546683 -0.046837 0.080956 0.277901 0.956046
2.133333 -2.378774 11.022767 -0.238185 -0.051074 0.074937 0.293233 0.951730
2.233333 -2.640029 11.524246 0.030305 -0.053214 0.068236 0.308020 0.947437
2.333333 -2.912688 12.012835 0.231557 -0.056834 0.060819 0.323754 0.942473
2.433332 -3.197812 12.489916 0.346881 -0.057116 0.050249 0.339667 0.937464
2.533332 -3.495635 12.952980 0.366064 -0.057936 0.040571 0.355960 0.931821
2.633332 -3.806522 13.401169 0.286431 -0.058024 0.032148 0.370865 0.926314
2.733332 -4.128556 13.833915 0.116799 -0.057312 0.021522 0.385798 0.920550
2.833332 -4.462232 14.253595 -0.124056 -0.055715 0.011866 0.399962 0.914760
2.933332 -4.805860 14.658959 -0.414170 -0.054267 0.000462 0.414881 0.908256
3.033332 -5.161701 15.049840 -0.725332 -0.051379 -0.009955 0.428644 0.901956
3.133332 -5.527722 15.424309 -1.025921 -0.047299 -0.019787 0.441505 0.895793
3.233332 -5.902036 15.782051 -1.289092 -0.041845 -0.029144 0.454223 0.889427
3.333332 -6.284384 16.122298 -1.485903 -0.036316 -0.037736 0.466702 0.882863
3.433331 -6.673148 16.446272 -1.596159 -0.030902 -0.045778 0.480517 0.875245
3.533331 -7.068265 16.754741 -1.610922 -0.024297 -0.053778 0.492674 0.868211
3.633331 -7.471342 17.047580 -1.528176 -0.017351 -0.058898 0.506794 0.859878
3.733331 -7.880866 17.325962 -1.355593 -0.012243 -0.062424 0.520648 0.851398
3.833331 -8.297877 17.589733 -1.107466 -0.005325 -0.066097 0.533826 0.842990
3.933331 -8.721171 17.837661 -0.809508 0.002838 -0.070132 0.546065 0.834797
4.033331 -9.151255 18.068093 -0.490647 0.011023 -0.074684 0.560820 0.824489
4.133331 -9.586977 18.280532 -0.181009 0.018237 -0.076760 0.574634 0.814599
4.233331 -10.028430 18.474244 0.090667 0.026742 -0.074703 0.588043 0.804928
4.333331 -10.474363 18.653402 0.296109 0.033830 -0.072936 0.599662 0.796204
4.433331 -10.923183 18.812980 0.417428 0.040527 -0.072105 0.612837 0.785868
4.533330 -11.374637 18.951469 0.442980 0.046241 -0.069105 0.625416 0.775849
4.633330 -11.827662 19.072698 0.369895 0.053072 -0.065346 0.637983 0.765435
4.733330 -12.283796 19.177312 0.207164 0.057740 -0.061723 0.649832 0.755364
4.833330 -12.742338 19.264557 -0.029463 0.062771 -0.057410 0.662560 0.744163
4.933330 -13.202409 19.333991 -0.315945 0.066005 -0.051818 0.674045 0.733908
5.033330 -13.660317 19.388051 -0.621533 0.069430 -0.045963 0.686684 0.722172
5.133330 -14.117693 19.427263 -0.915755 0.069788 -0.038369 0.698693 0.710975
5.233330 -14.572074 19.452361 -1.169109 0.070356 -0.029938 0.710851 0.699174
5.333330 -15.025031 19.463131 -1.356302 0.070479 -0.019324 0.721725 0.688312
5.433330 -15.477176 19.461088 -1.457561 0.069133 -0.011990 0.732973 0.676629
5.533329 -15.927277 19.446992 -1.463001 0.068468 -0.002647 0.743017 0.665756
5.633329 -16.375978 19.419571 -1.371091 0.065458 0.006829 0.752735 0.655026
5.733329 -16.821508 19.379464 -1.187936 0.061543 0.015004 0.763605 0.642569
5.833329 -17.264459 19.324142 -0.930990 0.057013 0.024652 0.772710 0.631712
5.933329 -17.704700 19.253230 -0.624152 0.051968 0.033155 0.782708 0.619329
6.033329 -18.142652 19.166717 -0.296965 0.045531 0.040607 0.792842 0.606366
6.133329 -18.577973 19.065438 0.021332 0.039282 0.047454 0.801822 0.594379
6.233329 -19.010675 18.949543 0.300632 0.031299 0.053142 0.811392 0.581239
6.333329 -19.438024 18.816125 0.513631 0.022452 0.059806 0.820184 0.568521
6.433329 -19.860604 18.666776 0.641444 0.013689 0.064693 0.828305 0.556361
6.533329 -20.278677 18.500849 0.673607 0.005543 0.070261 0.837428 0.541985
6.633328 -20.691328 18.317858 0.609232 -0.003370 0.073204 0.845794 0.528452
6.733328 -21.099000 18.117019 0.454940 -0.012736 0.075227 0.853575 0.515353
6.833328 -21.496702 17.897957 0.229118 -0.021149 0.078531 0.861446 0.501295
6.933328 -21.885321 17.663325 -0.045585 -0.028618 0.080412 0.868781 0.487786
7.033328 -22.265584 17.414825 -0.341411 -0.037867 0.082458 0.875450 0.474714
7.133328 -22.635852 17.151896 -0.626599 -0.046977 0.082685 0.882251 0.461074
7.233328 -22.993929 16.877578 -0.873124 -0.053995 0.082000 0.888648 0.447956
7.333328 -23.338303 16.590883 -1.053828 -0.061136 0.077988 0.895863 0.433140
7.433328 -23.668349 16.291512 -1.149123 -0.069495 0.074807 0.902250 0.418951
7.533328 -23.983936 15.984282 -1.150523 -0.075144 0.071325 0.908452 0.404945
7.633327 -24.284699 15.669706 -1.055372 -0.080121 0.066585 0.914663 0.390563
7.733327 -24.567177 15.347797 -0.871994 -0.083894 0.061663 0.921177 0.374956
7.833327 -24.834094 15.019146 -0.614878 -0.086984 0.056687 0.927150 0.360019
7.933327 -25.089080 14.683014 -0.306934 -0.089769 0.050757 0.933123 0.344452
8.033327 -25.331658 14.338383 0.024063 -0.089560 0.042103 0.938610 0.330480
8.133328 -25.560782 13.983931 0.345475 -0.088238 0.034691 0.944471 0.314619
8.233330 -25.776822 13.617157 0.626830 -0.087102 0.026282 0.949484 0.300338
8.333331 -25.981058 13.238202 0.842224 -0.085157 0.020050 0.954974 0.283497
8.433332 -26.172399 12.848932 0.972687 -0.080767 0.012208 0.959804 0.268522
8.533334 -26.353230 12.449769 1.007108 -0.076420 0.005121 0.964067 0.254378
8.633335 -26.523318 12.041824 0.943696 -0.070545 -0.001490 0.968213 0.239967
8.733336 -26.680436 11.624014 0.790855 -0.063559 -0.006893 0.972721 0.222995
8.833338 -26.825233 11.197667 0.564524 -0.055653 -0.011590 0.976735 0.206780
8.933339 -26.955321 10.763767 0.288691 -0.047546 -0.016444 0.980057 0.192243
9.033340 -27.068203 10.324374 -0.006372 -0.037755 -0.021498 0.983247 0.177026
9.133342 -27.166531 9.882717 -0.289187 -0.028258 -0.025913 0.986045 0.162006
9.233343 -27.250774 9.440139 -0.535691 -0.018119 -0.029833 0.988674 0.145965
9.333344 -27.318519 8.997390 -0.718531 -0.008044 -0.032964 0.990713 0.131671
9.433346 -27.369594 8.553013 -0.816671 0.001688 -0.033614 0.992669 0.116083
9.533347 -27.401202 8.112078 -0.818862 0.013181 -0.033550 0.994152 0.101792
9.633348 -27.416027 7.675276 -0.725824 0.022390 -0.033797 0.995480 0.085879
9.733350 -27.413244 7.242124 -0.543497 0.033662 -0.034561 0.996403 0.069665
9.833351 -27.391967 6.810028 -0.286404 0.044203 -0.033184 0.997031 0.053609
9.933352 -27.352705 6.377266 0.020836 0.054571 -0.031810 0.997200 0.040029
10.033354 -27.295859 5.946857 0.348368 0.062911 -0.028585 0.997308 0.024542
10.133355 -27.222204 5.518669 0.665513 0.071263 -0.026601 0.997066 0.008526
10.233356 -27.130820 5.091216 0.944549 0.079225 -0.022825 0.996582 -0.005084
10.333358 -27.024026 4.665900 1.158944 0.085716 -0.018646 0.995932 -0.020605
10.433359 -26.900539 4.242784 1.288125 0.092943 -0.013891 0.994919 -0.036134
10.533360 -26.762817 3.821608 1.319825 0.097821 -0.008124 0.993799 -0.052231
10.633362 -26.608943 3.403600 1.253931 0.102525 -0.003629 0.992431 -0.067504
10.733363 -26.441388 2.987943 1.099817 0.105972 0.001202 0.990840 -0.083697
10.833364 -26.261324 2.576573 0.869895 0.107309 0.007110 0.989121 -0.100373
10.933366 -26.066439 2.169321 0.590483 0.107778 0.015602 0.987229 -0.116275
11.033367 -25.857353 1.769505 0.290396 0.108673 0.021801 0.985006 -0.132205
11.133368 -25.632822 1.375347 0.000705 0.106248 0.028119 0.982775 -0.148574
11.233370 -25.392468 0.987661 -0.248116 0.103050 0.035145 0.980275 -0.164941
11.333371 -25.134805 0.609608 -0.430427 0.099841 0.041441 0.978028 -0.178258
11.433372 -24.860282 0.241166 -0.528516 0.093883 0.046606 0.975189 -0.194986
11.533374 -24.569293 -0.113623 -0.531807 0.088301 0.052057 0.972243 -0.210326
11.633375 -24.259929 -0.454490 -0.438853 0.081178 0.056598 0.968925 -0.226698
11.733377 -23.934184 -0.783704 -0.256759 0.074462 0.061181 0.965547 -0.241724
11.833378 -23.592779 -1.099144 -0.002066 0.065333 0.063500 0.961649 -0.258710
11.933379 -23.236638 -1.400369 0.300035 0.057765 0.064887 0.957631 -0.274582
12.033381 -22.865941 -1.685987 0.621534 0.048072 0.067160 0.953392 -0.290212
12.133382 -22.478768 -1.959751 0.932531 0.039015 0.067789 0.948912 -0.305694
12.233383 -22.078005 -2.218529 1.202874 0.029779 0.067858 0.944464 -0.320149
12.333385 -21.665401 -2.462465 1.406789 0.020299 0.065631 0.940122 -0.333842
12.433386 -21.243614 -2.693093 1.526239 0.009299 0.061326 0.934945 -0.349327
12.533387 -20.813320 -2.910227 1.550364 -0.001794 0.057816 0.929702 -0.363743
12.633389 -20.374616 -3.114281 1.475619 -0.010768 0.053165 0.924235 -0.377952
12.733390 -19.926463 -3.306114 1.310339 -0.018990 0.047475 0.918915 -0.391128
12.833391 -19.469818 -3.485526 1.070903 -0.028477 0.041267 0.913322 -0.404141
12.933393 -19.003265 -3.649707 0.780226 -0.037297 0.033975 0.907391 -0.417249
13.033394 -18.526704 -3.797200 0.467091 -0.044732 0.028435 0.900446 -0.431727
13.133395 -18.039001 -3.926903 0.164750 -0.052036 0.021841 0.893265 -0.445975
13.233397 -17.537652 -4.037031 -0.097598 -0.057329 0.013731 0.886323 -0.459300
13.333398 -17.022789 -4.125331 -0.295159 -0.062927 0.004954 0.878944 -0.472730
13.433399 -16.493257 -4.193800 -0.407530 -0.067202 -0.003920 0.871477 -0.485795
13.533401 -15.950890 -4.238522 -0.425835 0.070365 0.011435 -0.862801 0.500493
13.633402 -15.398249 -4.260032 -0.345877 0.072208 0.020036 -0.854391 0.514199
13.733403 -14.834397 -4.261066 -0.177815 0.073338 0.027998 -0.845858 0.527600
13.833405 -14.262115 -4.241693 0.062042 0.074040 0.035814 -0.837653 0.539975
13.933406 -13.680483 -4.203393 0.350233 0.073959 0.043250 -0.829173 0.552387
14.033407 -13.089616 -4.143054 0.659008 0.072002 0.050191 -0.819334 0.566558
14.133409 -12.492728 -4.061959 0.957688 0.069657 0.054033 -0.809775 0.580080
14.233410 -11.889021 -3.960479 1.214944 0.064844 0.058037 -0.800520 0.592954
14.333411 -11.279300 -3.841384 1.407175 0.060362 0.062327 -0.790878 0.605791
14.433413 -10.664901 -3.705476 1.515352 0.054089 0.065645 -0.780487 0.619358
14.533414 -10.044824 -3.551708 1.527325 0.045600 0.069207 -0.770562 0.631954
14.633415 -9.420010 -3.380281 1.442523 0.037238 0.071188 -0.761561 0.643094
14.733417 -8.791174 -3.190030 1.268377 0.029675 0.071198 -0.750766 0.656050
14.833418 -8.158458 -2.980493 1.021896 0.021673 0.070376 -0.740079 0.668476
14.933419 -7.521840 -2.748714 0.724510 0.012222 0.068376 -0.729808 0.680115
15.033421 -6.881211 -2.494395 0.405948 0.003576 0.065350 -0.719718 0.691175
15.133422 -6.237648 -2.217709 0.098307 -0.005689 0.061237 -0.708855 0.702668
15.233423 -5.591753 -1.917465 -0.168873 -0.015197 0.057912 -0.697265 0.714309
15.333425 -4.942261 -1.591555 -0.370949 -0.023408 0.052603 -0.686770 0.724591
15.433426 -4.292131 -1.240745 -0.487132 -0.033238 0.046943 -0.675844 0.734797
15.533427 -3.641455 -0.863205 -0.508797 -0.041659 0.039738 -0.664652 0.744932
15.633429 -2.989853 -0.460689 -0.436647 -0.050895 0.032918 -0.652896 0.755018
15.733430 -2.334255 -0.032076 -0.274420 -0.056882 0.024145 -0.639826 0.766032
15.833431 -1.677411 0.421259 -0.037943 -0.063116 0.013620 -0.627946 0.775574
15.933433 -1.020544 0.900619 0.245901 -0.069911 0.004162 -0.616531 0.784210
16.033432 -0.367186 1.404822 0.547173 -0.075822 -0.004487 -0.602916 0.794181
16.133430 0.281876 1.932090 0.837045 -0.079793 -0.013295 -0.590074 0.803287
16.233429 0.927098 2.477698 1.087144 -0.081916 -0.023491 -0.577214 0.812134
16.333427 1.569205 3.042942 1.271024 -0.084190 -0.031780 -0.564126 0.820770
16.433426 2.207570 3.626553 1.369028 -0.082873 -0.041630 -0.551080 0.829283
16.533424 2.842038 4.226118 1.372775 -0.083220 -0.050943 -0.537551 0.837567
16.633423 3.470508 4.840202 1.279452 -0.083941 -0.060977 -0.524538 0.845042
16.733421 4.096057 5.472797 1.096073 -0.082748 -0.068386 -0.509176 0.853941
16.833420 4.715805 6.124373 0.838792 -0.080759 -0.077646 -0.494650 0.861841
16.933418 5.327764 6.794829 0.530848 -0.078574 -0.085182 -0.479899 0.869636
17.033417 5.929902 7.485991 0.200496 -0.075850 -0.091476 -0.465181 0.877203
17.133415 6.524074 8.199143 -0.117648 -0.071485 -0.095167 -0.452170 0.883954
17.233414 7.110964 8.933464 -0.396418 -0.065773 -0.100585 -0.438158 0.890828
17.333412 7.690255 9.692091 -0.609929 -0.060050 -0.103854 -0.424655 0.897372
17.433411 8.260273 10.474947 -0.738857 -0.053824 -0.106300 -0.411315 0.903672
17.533409 8.821124 11.282079 -0.772893 -0.047677 -0.105698 -0.397335 0.910318
17.633408 9.371980 12.112117 -0.708356 -0.040685 -0.103636 -0.383953 0.916616
17.733406 9.910949 12.964827 -0.554779 -0.034824 -0.100038 -0.369782 0.923061
17.833405 10.438976 13.839715 -0.330648 -0.027427 -0.096960 -0.354734 0.929521
17.933403 10.954687 14.735236 -0.059188 -0.020475 -0.092908 -0.340211 0.935524
18.033401 11.458784 15.650123 0.232388 -0.014192 -0.088395 -0.326025 0.941113
18.133400 11.952842 16.579357 0.515511 -0.009281 -0.082306 -0.312096 0.946433
18.233398 12.435348 17.522349 0.758422 -0.001720 -0.074630 -0.296364 0.952153
18.333397 12.906407 18.478587 0.933234 0.004382 -0.065896 -0.281363 0.957326
18.433395 13.365186 19.447563 1.021058 0.010355 -0.056266 -0.266018 0.962269
18.533394 13.810608 20.427254 1.011031 0.015629 -0.048608 -0.250779 0.966697
18.633392 14.243428 21.416250 0.901429 0.017934 -0.039217 -0.237236 0.970494
18.733391 14.663331 22.413577 0.702497 0.022571 -0.028329 -0.222586 0.974240
18.833389 15.069310 23.419275 0.431923 0.025136 -0.016592 -0.207391 0.977794
18.933388 15.462746 24.434363 0.110109 0.026903 -0.005228 -0.194830 0.980454
19.033386 15.844097 25.459860 -0.230743 0.026467 0.006446 -0.180840 0.983135
19.133385 16.211108 26.498381 -0.563370 0.028187 0.017847 -0.166214 0.985525
19.233383 16.565205 27.549579 -0.856492 0.026822 0.030548 -0.151141 0.987676
19.333382 16.906117 28.612880 -1.083701 0.025661 0.040923 -0.136411 0.989474
19.433380 17.233753 29.686735 -1.227689 0.024057 0.050208 -0.122603 0.990893
19.533379 17.550665 30.770273 -1.277814 0.020819 0.060537 -0.105810 0.992324
19.633377 17.853062 31.867368 -1.231050 0.014996 0.068725 -0.089738 0.993478
19.733376 18.141753 32.976679 -1.094991 0.011882 0.077816 -0.073617 0.994175
19.833374 18.418785 34.098755 -0.886478 0.005763 0.085567 -0.059027 0.994566
19.933372 18.683420 35.231037 -0.627547 0.002469 0.093124 -0.043353 0.994707
