1403638523.627830 0.024768 -0.042900 0.214784 0.823470 0.032298 0.564271 -0.049513
1403638523.727829 0.019159 -0.047635 0.153168 0.830414 0.034696 0.554380 -0.043264
1403638523.827830 0.012268 -0.051893 0.091998 0.832555 0.036847 0.551243 -0.040325
1403638523.927830 0.004125 -0.053640 0.041031 0.831839 0.040294 0.552624 -0.032042
1403638524.027829 -0.002445 -0.055468 0.012911 0.833008 0.048089 0.550670 -0.023411
1403638524.127830 -0.005501 -0.057190 0.008647 0.837074 0.055717 0.543889 -0.019672
1403638524.227829 -0.007328 -0.058150 0.032060 0.840006 0.058907 0.538787 -0.025054
1403638524.327830 -0.004303 -0.058594 0.079374 0.838858 0.058569 0.540167 -0.033260
1403638524.427830 0.001453 -0.058603 0.137754 0.834314 0.056287 0.546789 -0.042127
1403638524.527829 0.008510 -0.058269 0.198450 0.826216 0.055359 0.558618 -0.047411
1403638524.627830 0.016806 -0.056944 0.255357 0.818320 0.051680 0.570431 -0.047848
1403638524.727829 0.024232 -0.054009 0.302682 0.813448 0.046303 0.578504 -0.038625
1403638524.827830 0.028551 -0.051174 0.335689 0.810937 0.041235 0.583097 -0.026056
1403638524.927830 0.031095 -0.048252 0.353908 0.809778 0.041285 0.584511 -0.030045
1403638525.027829 0.031010 -0.047631 0.352812 0.807453 0.044873 0.587212 -0.034458
1403638525.127830 0.031293 -0.047768 0.329089 0.805035 0.048800 0.590443 -0.030243
1403638525.227829 0.033404 -0.048494 0.288813 0.805227 0.053872 0.589803 -0.028982
1403638525.327830 0.033423 -0.049247 0.238959 0.811116 0.058756 0.581159 -0.029892
1403638525.427830 0.032096 -0.049101 0.186123 0.822417 0.062280 0.564386 -0.034918
1403638525.527829 0.027174 -0.048281 0.133922 0.833819 0.062960 0.546683 -0.043805
1403638525.627830 0.026116 -0.046757 0.090622 0.839832 0.061069 0.537347 -0.047023
1403638525.727829 0.024352 -0.044446 0.057095 0.840526 0.056630 0.536909 -0.045151
1403638525.827830 0.024354 -0.042922 0.030892 0.837678 0.050717 0.542269 -0.040839
1403638525.927830 0.022562 -0.045448 0.013922 0.834703 0.047900 0.547688 -0.031857
1403638526.027829 0.019566 -0.059466 0.007894 0.834990 0.047526 0.547609 -0.025627
1403638526.127830 0.015917 -0.086248 0.013738 0.837644 0.041351 0.544161 -0.023039
1403638526.227829 0.012240 -0.120170 0.026044 0.838777 0.031879 0.543142 -0.020840
1403638526.327830 0.006350 -0.158504 0.041469 0.836036 0.023137 0.547902 -0.017671
1403638526.427830 -0.001003 -0.201389 0.055585 0.831342 0.013414 0.555388 -0.015339
1403638526.527829 -0.010615 -0.248235 0.065924 0.826388 0.001611 0.562912 -0.014474
1403638526.627830 -0.021018 -0.302566 0.073867 0.821000 -0.008032 0.570741 -0.012199
1403638526.727829 -0.032431 -0.363140 0.079448 0.817065 -0.015254 0.576304 -0.006786
1403638526.827830 -0.045713 -0.428037 0.083141 0.814965 -0.018975 0.579187 0.003787
1403638526.927830 -0.059691 -0.490575 0.085184 0.816215 -0.023068 0.577225 0.008549
1403638527.027829 -0.072440 -0.549421 0.087466 0.820651 -0.032884 0.570294 0.014716
1403638527.127830 -0.081731 -0.603317 0.091381 0.824390 -0.047959 0.563516 0.023014
1403638527.227829 -0.088265 -0.648394 0.095955 0.823830 -0.062791 0.562440 0.031974
1403638527.327830 -0.088671 -0.679402 0.100390 0.819358 -0.074575 0.566490 0.046685
1403638527.427830 -0.085280 -0.690769 0.102413 0.814543 -0.081159 0.571166 0.060856
1403638527.527829 -0.077588 -0.680987 0.101400 0.812369 -0.083926 0.573113 0.067489
1403638527.627830 -0.065388 -0.652328 0.099191 0.812445 -0.083311 0.573039 0.067963
1403638527.727829 -0.051412 -0.609937 0.097986 0.813124 -0.076898 0.573330 0.064869
1403638527.827830 -0.034146 -0.558580 0.098467 0.815641 -0.071212 0.571485 0.055356
1403638527.927830 -0.017742 -0.501801 0.102058 0.818082 -0.066860 0.569690 0.041528
1403638528.027829 -0.001789 -0.445216 0.106055 0.817411 -0.060879 0.571717 0.035674
1403638528.127830 0.013764 -0.388466 0.106087 0.816646 -0.052982 0.574060 0.027147
1403638528.227829 0.033734 -0.336503 0.102932 0.817916 -0.043681 0.573435 0.016681
1403638528.327830 0.062199 -0.292707 0.097671 0.818759 -0.033801 0.573107 0.006299
1403638528.427830 0.094370 -0.260988 0.091014 0.817376 -0.028663 0.575371 0.004888
1403638528.527829 0.127947 -0.238847 0.087314 0.818042 -0.029040 0.574378 0.007338
1403638528.627830 0.166272 -0.223749 0.082644 0.820127 -0.036771 0.570951 0.007384
1403638528.727829 0.201104 -0.213656 0.081350 0.820087 -0.042734 0.570559 0.009677
1403638528.827830 0.225003 -0.207436 0.084306 0.818900 -0.049025 0.571716 0.011840
1403638528.927830 0.232970 -0.202991 0.091458 0.817949 -0.057172 0.572413 0.005874
1403638529.027829 0.222881 -0.196093 0.105725 0.818486 -0.061832 0.571189 0.000752
1403638529.127830 0.199094 -0.183782 0.118004 0.819124 -0.058697 0.570485 0.011737
1403638529.227829 0.168566 -0.164356 0.119309 0.820186 -0.051694 0.569090 0.027564
1403638529.327830 0.133630 -0.143329 0.111854 0.823309 -0.046891 0.564528 0.035666
1403638529.427830 0.098995 -0.122401 0.093284 0.830888 -0.043637 0.553440 0.037747
1403638529.527829 0.071290 -0.105486 0.069127 0.842068 -0.042194 0.536630 0.034213
1403638529.627830 0.049508 -0.094039 0.044352 0.849496 -0.039007 0.524962 0.035359
1403638529.727829 0.035717 -0.081415 0.022055 0.849632 -0.037081 0.524877 0.035437
1403638529.827830 0.027944 -0.070897 0.000644 0.843648 -0.037830 0.534458 0.034369
1403638529.927830 0.025281 -0.062913 -0.016890 0.838739 -0.038162 0.542103 0.034437
1403638530.027829 0.030375 -0.060285 -0.029327 0.838387 -0.038365 0.542597 0.034974
1403638530.127830 0.041891 -0.060954 -0.039572 0.840472 -0.040654 0.539175 0.035288
1403638530.227829 0.056553 -0.062320 -0.049152 0.840869 -0.046505 0.537928 0.037557
1403638530.327830 0.070903 -0.064693 -0.060213 0.840097 -0.052394 0.538498 0.038877
1403638530.427830 0.083229 -0.069051 -0.068510 0.839517 -0.056385 0.538750 0.042198
1403638530.527829 0.092995 -0.073178 -0.074510 0.839366 -0.060290 0.538740 0.039864
1403638530.627830 0.098650 -0.077218 -0.079555 0.840572 -0.062876 0.536430 0.041573
1403638530.727829 0.102208 -0.079901 -0.085158 0.844393 -0.065225 0.530099 0.041724
1403638530.827830 0.105045 -0.081825 -0.090798 0.846424 -0.065906 0.526774 0.041613
1403638530.927830 0.106924 -0.082713 -0.094682 0.845567 -0.065352 0.528405 0.039158
1403638531.027829 0.107892 -0.082541 -0.097865 0.842892 -0.065200 0.532792 0.037602
1403638531.127830 0.107246 -0.081283 -0.097956 0.839280 -0.063660 0.538490 0.039811
1403638531.227829 0.107839 -0.079919 -0.098559 0.839011 -0.060879 0.539085 0.041739
1403638531.327830 0.107815 -0.078599 -0.099345 0.835340 -0.061009 0.544682 0.042495
1403638531.427830 0.107869 -0.078704 -0.099495 0.836079 -0.060464 0.543557 0.043148
1403638531.527829 0.107558 -0.078779 -0.099445 0.835303 -0.061002 0.544734 0.042566
1403638531.627830 0.107467 -0.078836 -0.099514 0.835483 -0.059929 0.544540 0.043047
1403638531.727829 0.107458 -0.078787 -0.099568 0.835589 -0.060327 0.544341 0.042941
1403638531.827830 0.107487 -0.078759 -0.099570 0.835575 -0.060382 0.544365 0.042843
1403638531.927830 0.107492 -0.078709 -0.099579 0.835547 -0.060509 0.544407 0.042679
1403638532.027829 0.107496 -0.078662 -0.099595 0.835541 -0.060603 0.544416 0.042541
1403638532.127830 0.107527 -0.078662 -0.099586 0.835542 -0.060632 0.544415 0.042499
1403638532.227829 0.107499 -0.078680 -0.099600 0.835576 -0.060482 0.544367 0.042650
1403638532.327830 0.107513 -0.078715 -0.099597 0.835572 -0.060428 0.544373 0.042723
1403638532.427830 0.107510 -0.078736 -0.099602 0.835590 -0.060340 0.544352 0.042760
1403638532.527829 0.107516 -0.078735 -0.099602 0.835601 -0.060340 0.544335 0.042767
1403638532.627830 0.107522 -0.078727 -0.099608 0.835619 -0.060347 0.544310 0.042730
1403638532.727829 0.107517 -0.078702 -0.099622 0.835609 -0.060363 0.544328 0.042676
1403638532.827830 0.107541 -0.078694 -0.099612 0.835611 -0.060391 0.544326 0.042625
1403638532.927830 0.107527 -0.078685 -0.099628 0.835618 -0.060364 0.544316 0.042647
1403638533.027829 0.107539 -0.078701 -0.099628 0.835614 -0.060384 0.544321 0.042637
1403638533.127830 0.107536 -0.078701 -0.099629 0.835629 -0.060366 0.544300 0.042636
1403638533.227829 0.107533 -0.078696 -0.099640 0.835635 -0.060348 0.544292 0.042643
1403638533.327830 0.107548 -0.078692 -0.099638 0.835635 -0.060329 0.544293 0.042655
1403638533.427830 0.107536 -0.078688 -0.099659 0.835646 -0.060334 0.544281 0.042593
1403638533.527829 0.107549 -0.078682 -0.099652 0.835649 -0.060331 0.544275 0.042604
1403638533.627830 0.107553 -0.078698 -0.099653 0.835655 -0.060296 0.544268 0.042633
1403638533.727829 0.107538 -0.078690 -0.099665 0.835683 -0.060283 0.544225 0.042655
1403638533.827830 0.107552 -0.078697 -0.099665 0.835666 -0.060313 0.544252 0.042599
1403638533.927830 0.107559 -0.078684 -0.099690 0.835706 -0.060220 0.544203 0.042564
1403638534.027829 0.107539 -0.078692 -0.099695 0.835670 -0.060357 0.544240 0.042607
1403638534.127830 0.107526 -0.078714 -0.099679 0.835721 -0.060487 0.544144 0.042655
1403638534.227829 0.107532 -0.078681 -0.099688 0.835721 -0.060488 0.544155 0.042501
1403638534.327830 0.107575 -0.078633 -0.099666 0.835768 -0.060363 0.544110 0.042330
1403638534.427830 0.107567 -0.078608 -0.099667 0.835818 -0.060336 0.544042 0.042270
1403638534.527829 0.107531 -0.078676 -0.099688 0.835801 -0.060654 0.544015 0.042491
1403638534.627830 0.107541 -0.078639 -0.099668 0.835839 -0.060317 0.544006 0.042333
1403638534.727829 0.107550 -0.078610 -0.099663 0.835859 -0.060066 0.544012 0.042228
1403638534.827830 0.107543 -0.078608 -0.099660 0.835856 -0.060114 0.544006 0.042293
1403638534.927830 0.107503 -0.078658 -0.099662 0.835864 -0.060286 0.543957 0.042523
1403638535.027829 0.107504 -0.078674 -0.099659 0.835879 -0.060237 0.543943 0.042472
1403638535.127830 0.107501 -0.078665 -0.099658 0.835906 -0.060173 0.543909 0.042469
1403638535.227829 0.107498 -0.078660 -0.099668 0.835902 -0.060143 0.543922 0.042418
1403638535.327830 0.107497 -0.078655 -0.099672 0.835935 -0.060152 0.543873 0.042398
1403638535.427830 0.107503 -0.078635 -0.099671 0.835942 -0.060101 0.543868 0.042389
1403638535.527829 0.107512 -0.078632 -0.099679 0.835947 -0.060140 0.543860 0.042335
1403638535.627830 0.107509 -0.078621 -0.099682 0.835972 -0.060070 0.543830 0.042313
1403638535.727829 0.107503 -0.078625 -0.099690 0.835975 -0.060100 0.543824 0.042289
1403638535.827830 0.107506 -0.078620 -0.099693 0.835986 -0.060052 0.543818 0.042220
1403638535.927830 0.107492 -0.078597 -0.099701 0.836006 -0.060035 0.543793 0.042167
1403638536.027829 0.107495 -0.078599 -0.099699 0.836024 -0.060001 0.543775 0.042101
1403638536.127830 0.107493 -0.078588 -0.099699 0.836041 -0.059983 0.543752 0.042093
1403638536.227829 0.107503 -0.078593 -0.099694 0.836043 -0.059980 0.543750 0.042065
1403638536.327830 0.107502 -0.078585 -0.099711 0.836028 -0.059954 0.543779 0.042028
1403638536.427830 0.107501 -0.078579 -0.099717 0.836050 -0.059979 0.543742 0.042046
1403638536.527829 0.107499 -0.078578 -0.099716 0.836073 -0.059926 0.543716 0.042003
1403638536.627830 0.107491 -0.078559 -0.099723 0.836059 -0.059981 0.543733 0.041975
1403638536.727829 0.107500 -0.078564 -0.099721 0.836077 -0.059876 0.543714 0.042013
1403638536.827830 0.107494 -0.078577 -0.099723 0.836086 -0.059878 0.543703 0.041986
1403638536.927830 0.107492 -0.078585 -0.099725 0.836092 -0.059844 0.543697 0.041976
1403638537.027829 0.107498 -0.078578 -0.099714 0.836116 -0.059811 0.543665 0.041955
1403638537.127830 0.107511 -0.078557 -0.099720 0.836111 -0.059770 0.543675 0.041999
1403638537.227829 0.107513 -0.078554 -0.099719 0.836139 -0.059870 0.543625 0.041948
1403638537.327830 0.107514 -0.078554 -0.099725 0.836128 -0.059879 0.543644 0.041902
1403638537.427830 0.107518 -0.078546 -0.099728 0.836137 -0.059854 0.543636 0.041850
1403638537.527829 0.107522 -0.078537 -0.099719 0.836156 -0.059822 0.543611 0.041847
1403638537.627830 0.107524 -0.078531 -0.099710 0.836147 -0.059765 0.543629 0.041888
1403638537.727829 0.107517 -0.078565 -0.099707 0.836188 -0.059810 0.543557 0.041919
1403638537.827830 0.107517 -0.078544 -0.099700 0.836183 -0.059820 0.543567 0.041880
1403638537.927830 0.107536 -0.078554 -0.099691 0.836180 -0.059814 0.543574 0.041865
1403638538.027829 0.107526 -0.078565 -0.099679 0.836208 -0.059852 0.543524 0.041885
1403638538.127830 0.107518 -0.078566 -0.099675 0.836153 -0.059846 0.543608 0.041925
1403638538.227829 0.107539 -0.078569 -0.099660 0.836200 -0.059906 0.543533 0.041872
1403638538.327830 0.107513 -0.078579 -0.099662 0.836207 -0.059845 0.543531 0.041837
1403638538.427830 0.107600 -0.078549 -0.099625 0.836103 -0.059904 0.543685 0.041827
1403638538.527829 0.107568 -0.078582 -0.099576 0.836081 -0.059983 0.543716 0.041750
1403638538.627830 0.107510 -0.078621 -0.099497 0.835907 -0.060101 0.543964 0.041840
1403638538.727829 0.107477 -0.078687 -0.099361 0.835627 -0.060066 0.544398 0.041835
1403638538.827830 0.108251 -0.078516 -0.099192 0.835126 -0.059568 0.545265 0.041270
1403638538.927830 0.110452 -0.078158 -0.097653 0.832250 -0.058722 0.549737 0.041254
1403638539.027829 0.115417 -0.078127 -0.095292 0.827645 -0.059176 0.556514 0.042367
1403638539.127830 0.122730 -0.078710 -0.091168 0.821040 -0.060446 0.566089 0.042212
1403638539.227829 0.131969 -0.078960 -0.080749 0.816251 -0.059684 0.573063 0.042082
1403638539.327830 0.141191 -0.079216 -0.061963 0.815310 -0.059245 0.574474 0.041714
1403638539.427830 0.149930 -0.079440 -0.035538 0.816922 -0.058153 0.572285 0.041791
1403638539.527829 0.158565 -0.079714 -0.003958 0.818899 -0.056983 0.569592 0.041497
1403638539.627830 0.167662 -0.080759 0.027571 0.819580 -0.056101 0.568764 0.040608
1403638539.727829 0.177335 -0.081416 0.049337 0.820229 -0.055059 0.567971 0.040027
1403638539.827830 0.187977 -0.081993 0.060395 0.821849 -0.053746 0.565764 0.039838
1403638539.927830 0.201244 -0.081879 0.066660 0.825738 -0.053097 0.560219 0.038639
1403638540.027829 0.218360 -0.082541 0.072571 0.831199 -0.053595 0.552134 0.037210
1403638540.127830 0.238897 -0.082291 0.079673 0.837027 -0.053523 0.543279 0.037008
1403638540.227829 0.266778 -0.084207 0.092350 0.837091 -0.052312 0.543265 0.037492
1403638540.327830 0.301560 -0.085396 0.102761 0.831001 -0.051135 0.552597 0.038208
1403638540.427830 0.340587 -0.086541 0.111083 0.826520 -0.047133 0.559672 0.037540
1403638540.527829 0.382265 -0.086354 0.118494 0.826193 -0.038638 0.561144 0.032091
1403638540.627830 0.427033 -0.085413 0.125651 0.826563 -0.024693 0.561818 0.023323
1403638540.727829 0.474655 -0.081573 0.132346 0.825907 -0.003591 0.563555 0.016427
1403638540.827830 0.524827 -0.076476 0.140573 0.825417 0.022615 0.564023 0.007328
1403638540.927830 0.575882 -0.064762 0.146821 0.824593 0.050550 0.563447 -0.004298
1403638541.027829 0.627260 -0.048557 0.148941 0.822947 0.072946 0.563092 -0.019081
1403638541.127830 0.679066 -0.028227 0.151285 0.820740 0.089083 0.563449 -0.031229
1403638541.227829 0.731531 -0.005737 0.149079 0.819931 0.100032 0.562318 -0.038800
1403638541.327830 0.783807 0.021149 0.150006 0.819413 0.105917 0.561709 -0.042732
1403638541.427830 0.835669 0.052424 0.155049 0.819520 0.107253 0.561105 -0.045233
1403638541.527829 0.886724 0.088718 0.164428 0.818343 0.108107 0.562752 -0.044019
1403638541.627830 0.939938 0.131434 0.182085 0.816805 0.110433 0.564452 -0.045034
1403638541.727829 0.993758 0.179957 0.205611 0.815030 0.114763 0.565531 -0.052253
1403638541.827830 1.046516 0.233530 0.235197 0.814055 0.121138 0.564328 -0.064605
1403638541.927830 1.095225 0.291729 0.270237 0.813012 0.132708 0.561729 -0.076548
1403638542.027829 1.144191 0.350570 0.295065 0.811284 0.148302 0.558368 -0.089723
1403638542.127830 1.192428 0.408925 0.317819 0.808417 0.167468 0.554711 -0.103498
1403638542.227829 1.238504 0.469158 0.334048 0.804608 0.188343 0.550270 -0.119732
1403638542.327830 1.284508 0.530971 0.344444 0.799530 0.211960 0.545676 -0.134395
1403638542.427830 1.331734 0.594076 0.351912 0.788345 0.232726 0.550843 -0.144647
1403638542.527829 1.377931 0.658276 0.356155 0.774846 0.252284 0.561040 -0.145600
1403638542.627830 1.419716 0.725419 0.360370 0.766504 0.267182 0.566208 -0.143154
1403638542.727829 1.453345 0.796419 0.370790 0.766847 0.271599 0.562530 -0.147447
1403638542.827830 1.479075 0.871389 0.388868 0.771362 0.268790 0.555054 -0.157057
1403638542.927830 1.497679 0.948477 0.413181 0.776814 0.265501 0.547171 -0.163318
1403638543.027829 1.512027 1.026056 0.442851 0.780731 0.262734 0.541915 -0.166610
1403638543.127830 1.525732 1.105586 0.470110 0.782907 0.259547 0.539637 -0.168771
1403638543.227829 1.539574 1.185913 0.492072 0.783689 0.258029 0.539369 -0.168326
1403638543.327830 1.553874 1.266879 0.508783 0.784312 0.255787 0.539447 -0.168597
1403638543.427830 1.568597 1.349291 0.521289 0.784302 0.257286 0.538344 -0.169883
1403638543.527829 1.583486 1.432650 0.529753 0.782565 0.264594 0.535985 -0.174077
1403638543.627830 1.592315 1.515118 0.536079 0.777855 0.280692 0.532645 -0.180117
1403638543.727829 1.603607 1.600901 0.539371 0.770725 0.300322 0.528829 -0.190077
1403638543.827830 1.612280 1.687440 0.549444 0.760505 0.323958 0.525620 -0.201012
1403638543.927830 1.621740 1.776178 0.567189 0.750590 0.345123 0.520327 -0.216251
1403638544.027829 1.633839 1.871483 0.590079 0.743979 0.359579 0.513720 -0.230845
1403638544.127830 1.644686 1.967636 0.616498 0.740346 0.368946 0.506844 -0.242644
1403638544.227829 1.657252 2.064631 0.639238 0.737424 0.373315 0.503235 -0.252181
1403638544.327830 1.672696 2.161355 0.653476 0.735698 0.376347 0.501303 -0.256527
1403638544.427830 1.683807 2.258269 0.666065 0.736312 0.377485 0.498976 -0.257628
1403638544.527829 1.697302 2.355193 0.675695 0.735574 0.377617 0.500429 -0.256723
1403638544.627830 1.707711 2.448499 0.689773 0.729744 0.377676 0.506084 -0.262132
1403638544.727829 1.725358 2.545347 0.706073 0.725238 0.377885 0.510502 -0.265745
1403638544.827830 1.741074 2.639609 0.724160 0.727011 0.379958 0.506990 -0.264664
1403638544.927830 1.758090 2.733408 0.736229 0.729931 0.381374 0.502326 -0.263481
1403638545.027829 1.773785 2.826672 0.744178 0.729325 0.381627 0.502294 -0.264853
1403638545.127830 1.789094 2.918337 0.747368 0.728246 0.382077 0.502961 -0.265904
1403638545.227829 1.796782 2.994700 0.742280 0.727658 0.384934 0.501249 -0.266626
1403638545.327830 1.813147 3.083925 0.732275 0.725633 0.385347 0.503560 -0.267193
1403638545.427830 1.828603 3.172332 0.716604 0.724628 0.384540 0.504581 -0.269151
1403638545.527829 1.843256 3.258265 0.704249 0.723146 0.388241 0.502026 -0.272579
1403638545.627830 1.858567 3.346231 0.696565 0.719623 0.397003 0.496292 -0.279687
1403638545.727829 1.873462 3.435035 0.693818 0.713264 0.411079 0.489273 -0.287890
1403638545.827830 1.889931 3.523007 0.697645 0.702675 0.429376 0.482723 -0.298097
1403638545.927830 1.904349 3.610912 0.709985 0.690907 0.450283 0.474129 -0.308374
1403638546.027829 1.918772 3.699616 0.728818 0.678529 0.470702 0.466569 -0.316782
1403638546.127830 1.932022 3.790433 0.745940 0.667718 0.486693 0.461511 -0.322940
1403638546.227829 1.942841 3.883417 0.756660 0.661210 0.495918 0.456005 -0.330039
1403638546.327830 1.953386 3.976663 0.760206 0.657831 0.500764 0.451178 -0.336053
1403638546.427830 1.962160 4.071074 0.759236 0.657323 0.501984 0.446953 -0.340839
1403638546.527829 1.971471 4.165876 0.755052 0.656233 0.503813 0.445531 -0.342101
1403638546.627830 1.980504 4.261945 0.753063 0.652413 0.508811 0.443770 -0.344292
1403638546.727829 1.988760 4.359387 0.760687 0.647484 0.514535 0.441449 -0.348051
1403638546.827830 1.997642 4.460260 0.776843 0.643089 0.520328 0.440431 -0.348879
1403638546.927830 2.004208 4.563605 0.794277 0.639995 0.524499 0.439758 -0.349170
1403638547.027829 2.009846 4.665023 0.804865 0.636594 0.528540 0.440599 -0.348233
1403638547.127830 2.014396 4.768493 0.812119 0.634120 0.532296 0.442578 -0.344497
1403638547.227829 2.014159 4.870762 0.811809 0.632451 0.534550 0.443333 -0.343100
1403638547.327830 2.011590 4.975777 0.807588 0.631551 0.535356 0.444605 -0.341852
1403638547.427830 2.003047 5.082439 0.801456 0.634926 0.531487 0.440424 -0.347014
1403638547.527829 1.992426 5.190189 0.792921 0.638261 0.527453 0.436694 -0.351732
1403638547.627830 1.981256 5.300012 0.778597 0.640623 0.524828 0.434742 -0.353774
1403638547.727829 1.964956 5.409445 0.759056 0.640861 0.524494 0.435840 -0.352486
1403638547.827830 1.948684 5.521291 0.737128 0.638708 0.526842 0.439609 -0.348186
1403638547.927830 1.929917 5.632083 0.715333 0.638433 0.526846 0.440242 -0.347886
1403638548.027829 1.908266 5.747591 0.699328 0.637952 0.527829 0.438777 -0.349125
1403638548.127830 1.886210 5.867333 0.689338 0.635265 0.531626 0.435389 -0.352491
1403638548.227829 1.861829 5.989268 0.689231 0.629940 0.538168 0.430043 -0.358627
1403638548.327830 1.834590 6.109393 0.694915 0.621894 0.547882 0.422996 -0.366261
1403638548.427830 1.806936 6.227948 0.709850 0.612111 0.560159 0.414887 -0.373378
1403638548.527829 1.778347 6.350646 0.727386 0.603478 0.568758 0.408779 -0.381088
1403638548.627830 1.752303 6.469821 0.742385 0.596145 0.575777 0.404869 -0.386229
1403638548.727829 1.726330 6.591624 0.751102 0.591526 0.580468 0.401484 -0.389826
1403638548.827830 1.699303 6.715717 0.761916 0.588592 0.583720 0.398910 -0.392047
1403638548.927830 1.671712 6.843097 0.778317 0.586868 0.585105 0.397553 -0.393941
1403638549.027829 1.643023 6.969788 0.801727 0.586223 0.586848 0.396815 -0.393052
1403638549.127830 1.616569 7.095832 0.833363 0.586742 0.585532 0.395917 -0.395141
1403638549.227829 1.589643 7.223811 0.871036 0.586860 0.585086 0.396091 -0.395451
1403638549.327830 1.563060 7.355846 0.914341 0.588271 0.583200 0.395275 -0.396954
1403638549.427830 1.532132 7.489624 0.957185 0.589712 0.580511 0.394793 -0.399230
1403638549.527829 1.504236 7.622740 0.994185 0.591135 0.578888 0.394240 -0.400028
1403638549.627830 1.476496 7.755655 1.026204 0.590354 0.576977 0.396202 -0.402000
1403638549.727829 1.453596 7.895399 1.053957 0.589988 0.576783 0.398208 -0.400831
1403638549.827830 1.429300 8.030018 1.084776 0.591623 0.576361 0.396203 -0.401017
1403638549.927830 1.405583 8.170877 1.124450 0.592371 0.577171 0.395770 -0.399170
1403638550.027829 1.383518 8.312155 1.172017 0.593314 0.576607 0.394493 -0.399849
1403638550.127830 1.363076 8.456091 1.227948 0.594291 0.576170 0.392648 -0.400841
1403638550.227829 1.337626 8.600435 1.291924 0.593762 0.576959 0.392196 -0.400932
1403638550.327830 1.317335 8.741510 1.357316 0.592795 0.577832 0.392981 -0.400336
1403638550.427830 1.299811 8.883555 1.418901 0.592237 0.577142 0.392671 -0.402459
1403638550.527829 1.282878 9.023845 1.470792 0.593529 0.575564 0.390429 -0.404989
1403638550.627830 1.269119 9.164590 1.521358 0.592784 0.572657 0.391160 -0.409469
1403638550.727829 1.259230 9.304336 1.567498 0.591601 0.569738 0.392761 -0.413698
1403638550.827830 1.250680 9.441104 1.605219 0.589165 0.567099 0.396503 -0.417216
1403638550.927830 1.246187 9.575683 1.641919 0.584599 0.562454 0.403334 -0.423334
1403638551.027829 1.243818 9.706213 1.670848 0.581400 0.558769 0.407799 -0.428312
1403638551.127830 1.245513 9.829005 1.702536 0.580395 0.556604 0.408805 -0.431524
1403638551.227829 1.248676 9.944552 1.731037 0.580827 0.554557 0.407330 -0.434959
1403638551.327830 1.261109 10.059156 1.771367 0.585262 0.553676 0.405113 -0.432196
1403638551.427830 1.278856 10.167083 1.810758 0.595629 0.547218 0.404850 -0.426468
1403638551.527829 1.305412 10.268367 1.845478 0.610298 0.534501 0.407375 -0.419392
1403638551.627830 1.338223 10.363577 1.874636 0.626722 0.516616 0.411442 -0.413574
1403638551.727829 1.381557 10.454795 1.900400 0.641966 0.498307 0.418175 -0.405832
1403638551.827830 1.434003 10.540991 1.921138 0.655466 0.480594 0.426884 -0.396438
1403638551.927830 1.491896 10.622933 1.940563 0.662236 0.470000 0.438963 -0.384518
1403638552.027829 1.554516 10.698605 1.966636 0.663836 0.463973 0.451883 -0.373969
1403638552.127830 1.618725 10.767385 1.999650 0.666732 0.460325 0.457666 -0.366212
1403638552.227829 1.684903 10.829951 2.040377 0.671571 0.458490 0.456235 -0.361425
1403638552.327830 1.753390 10.888180 2.083130 0.674271 0.457281 0.455220 -0.359205
1403638552.427830 1.829445 10.940595 2.119759 0.672797 0.452249 0.457846 -0.364954
1403638552.527829 1.909376 10.986743 2.153956 0.669357 0.447661 0.461963 -0.371687
1403638552.627830 1.992901 11.026528 2.181423 0.666055 0.446331 0.465357 -0.374969
1403638552.727829 2.080989 11.057279 2.201969 0.665440 0.448459 0.464560 -0.374511
1403638552.827830 2.174175 11.079457 2.216224 0.664459 0.451640 0.464003 -0.373117
1403638552.927830 2.269592 11.098301 2.224160 0.662952 0.457391 0.463752 -0.369083
1403638553.027829 2.370422 11.113708 2.226725 0.660739 0.463452 0.464772 -0.364175
1403638553.127830 2.471946 11.124543 2.227543 0.657792 0.465876 0.466187 -0.364609
1403638553.227829 2.573132 11.128578 2.224553 0.652775 0.462200 0.470442 -0.372746
1403638553.327830 2.678104 11.124853 2.226837 0.646875 0.460780 0.476000 -0.377701
1403638553.427830 2.782014 11.110186 2.233092 0.641468 0.463748 0.481994 -0.375683
1403638553.527829 2.879961 11.082762 2.245327 0.636694 0.467295 0.487211 -0.372667
1403638553.627830 2.973577 11.039531 2.263810 0.633523 0.470005 0.490909 -0.369800
1403638553.727829 3.064104 10.988245 2.290558 0.633143 0.471805 0.491003 -0.368031
1403638553.827830 3.151052 10.930740 2.322901 0.634634 0.473475 0.489416 -0.365422
1403638553.927830 3.233525 10.864848 2.360797 0.636479 0.474758 0.487486 -0.363120
1403638554.027829 3.311851 10.795378 2.396761 0.641238 0.474399 0.481626 -0.363037
1403638554.127830 3.385955 10.714735 2.424266 0.642982 0.476108 0.479377 -0.360684
1403638554.227829 3.456412 10.633587 2.445985 0.648020 0.482252 0.472866 -0.351996
1403638554.327830 3.523781 10.548099 2.460571 0.652560 0.487500 0.466501 -0.344798
1403638554.427830 3.589190 10.464077 2.472827 0.655001 0.490460 0.462923 -0.340770
1403638554.527829 3.651860 10.383131 2.483224 0.655756 0.491853 0.461664 -0.339013
1403638554.627830 3.712817 10.305156 2.490807 0.657679 0.490435 0.458491 -0.341639
1403638554.727829 3.773467 10.224701 2.501216 0.658646 0.486692 0.456869 -0.347256
1403638554.827830 3.835396 10.145744 2.518188 0.659463 0.484035 0.455069 -0.351754
1403638554.927830 3.899874 10.065713 2.539915 0.659680 0.481495 0.454808 -0.355154
1403638555.027829 3.965354 9.983470 2.557656 0.661414 0.477199 0.456454 -0.355616
1403638555.127830 4.032934 9.904136 2.571692 0.665943 0.472515 0.459556 -0.349367
1403638555.227829 4.104916 9.826183 2.581793 0.672729 0.464612 0.462244 -0.343369
1403638555.327830 4.175801 9.745407 2.582415 0.678009 0.457744 0.465719 -0.337461
1403638555.427830 4.251615 9.663622 2.580823 0.680187 0.454922 0.470708 -0.329889
1403638555.527829 4.325534 9.583544 2.576027 0.682304 0.451407 0.473016 -0.327030
1403638555.627830 4.399472 9.502842 2.570922 0.683309 0.449989 0.474430 -0.324831
1403638555.727829 4.473013 9.420093 2.574103 0.684823 0.448658 0.473245 -0.325210
1403638555.827830 4.546825 9.336170 2.586479 0.685157 0.449914 0.472569 -0.323752
1403638555.927830 4.619505 9.252718 2.603546 0.684829 0.451463 0.472510 -0.322373
1403638556.027829 4.694279 9.175955 2.626693 0.683566 0.452884 0.473532 -0.321561
1403638556.127830 4.767077 9.098999 2.650295 0.685446 0.454016 0.470496 -0.320416
1403638556.227829 4.840820 9.025255 2.666662 0.689904 0.455280 0.464134 -0.318326
1403638556.327830 4.915236 8.955924 2.680245 0.692502 0.455942 0.460269 -0.317349
1403638556.427830 4.990555 8.889888 2.689564 0.694348 0.456656 0.457460 -0.316349
1403638556.527829 5.067389 8.827849 2.698856 0.697885 0.457926 0.452711 -0.313550
1403638556.627830 5.147790 8.772753 2.708664 0.700919 0.454246 0.448736 -0.317820
1403638556.727829 5.231866 8.721422 2.722144 0.700468 0.448238 0.450005 -0.325459
1403638556.827830 5.320030 8.672208 2.743574 0.697654 0.443854 0.454129 -0.331722
1403638556.927830 5.413943 8.624610 2.772230 0.696343 0.440376 0.456096 -0.336381
1403638557.027829 5.512204 8.580841 2.799716 0.695216 0.439701 0.457676 -0.337446
1403638557.127830 5.613010 8.536857 2.820015 0.693556 0.441860 0.459981 -0.334899
1403638557.227829 5.718751 8.488692 2.833037 0.692156 0.442946 0.461786 -0.333876
1403638557.327830 5.828083 8.442159 2.842574 0.691475 0.444046 0.462624 -0.332663
1403638557.427830 5.939142 8.393744 2.850472 0.689592 0.446767 0.465270 -0.329220
1403638557.527829 6.053471 8.350265 2.862163 0.686817 0.451101 0.469115 -0.323606
1403638557.627830 6.167277 8.304955 2.879706 0.684490 0.453604 0.472218 -0.320509
1403638557.727829 6.280809 8.261400 2.902516 0.683661 0.454364 0.473280 -0.319635
1403638557.827830 6.392866 8.219484 2.923378 0.683310 0.455192 0.474229 -0.317796
1403638557.927830 6.503034 8.177316 2.936948 0.683449 0.456949 0.474123 -0.315123
1403638558.027829 6.610683 8.136147 2.943434 0.686048 0.457979 0.470355 -0.313625
1403638558.127830 6.715986 8.095255 2.945646 0.691150 0.458902 0.463323 -0.311533
1403638558.227829 6.822865 8.056594 2.950264 0.697422 0.460155 0.454610 -0.308530
1403638558.327830 6.930745 8.025877 2.962059 0.699127 0.462567 0.452383 -0.304306
1403638558.427830 7.041260 8.002049 2.983718 0.701581 0.466223 0.448970 -0.298070
1403638558.527829 7.150768 7.989156 3.010937 0.704825 0.467818 0.444565 -0.294502
1403638558.627830 7.261916 7.987891 3.044717 0.706165 0.463928 0.443390 -0.299178
1403638558.727829 7.374990 7.994981 3.082453 0.706750 0.456060 0.443507 -0.309540
1403638558.827830 7.492928 8.006713 3.117978 0.706291 0.451792 0.444765 -0.314994
1403638558.927830 7.613675 8.023029 3.144473 0.703192 0.451129 0.449840 -0.315670
1403638559.027829 7.738323 8.043587 3.165856 0.698048 0.451059 0.457454 -0.316247
1403638559.127830 7.863678 8.066613 3.180101 0.694247 0.450836 0.462711 -0.317280
1403638559.227829 7.990059 8.091886 3.186629 0.690967 0.452387 0.466690 -0.316403
1403638559.327830 8.114680 8.117219 3.187533 0.688641 0.454397 0.469324 -0.314693
1403638559.427830 8.236649 8.142182 3.182928 0.686050 0.457853 0.472507 -0.310553
1403638559.527829 8.357020 8.170656 3.173600 0.684189 0.459304 0.474586 -0.309343
1403638559.627830 8.472544 8.198853 3.158540 0.682496 0.459839 0.476227 -0.309767
1403638559.727829 8.583608 8.228743 3.143364 0.681521 0.460424 0.476797 -0.310167
1403638559.827830 8.690054 8.260323 3.133406 0.682078 0.460446 0.475231 -0.311310
1403638559.927830 8.794552 8.296729 3.121927 0.683010 0.457900 0.476124 -0.311659
1403638560.027829 8.904421 8.334723 3.108978 0.688982 0.448401 0.478552 -0.308589
1403638560.127830 9.008372 8.369759 3.090313 0.698120 0.432617 0.484492 -0.301226
1403638560.227829 9.112743 8.404719 3.066352 0.708911 0.412989 0.492949 -0.289633
1403638560.327830 9.214084 8.437111 3.040821 0.718281 0.389937 0.504850 -0.277756
1403638560.427830 9.313781 8.465568 3.015140 0.726690 0.365155 0.517555 -0.265931
1403638560.527829 9.408537 8.493153 2.984317 0.735163 0.339513 0.529255 -0.253291
1403638560.627830 9.498715 8.516758 2.947879 0.745824 0.311531 0.536324 -0.243005
1403638560.727829 9.586058 8.536272 2.909905 0.756361 0.283951 0.540156 -0.235628
1403638560.827830 9.670134 8.546629 2.879157 0.763843 0.261046 0.545581 -0.225258
1403638560.927830 9.754030 8.550197 2.856235 0.769656 0.238517 0.551829 -0.214996
1403638561.027829 9.837624 8.546834 2.842662 0.772184 0.218704 0.561258 -0.202211
1403638561.127830 9.918027 8.534574 2.836439 0.774744 0.199336 0.568916 -0.190713
1403638561.227829 9.995376 8.513909 2.837247 0.775969 0.183685 0.575443 -0.181649
1403638561.327830 10.066801 8.486090 2.842927 0.777630 0.173590 0.578270 -0.175390
1403638561.427830 10.133914 8.450298 2.846590 0.783776 0.173851 0.573361 -0.163490
1403638561.527829 10.198369 8.409025 2.845733 0.788293 0.178722 0.569078 -0.151005
1403638561.627830 10.255863 8.366754 2.837090 0.791033 0.182435 0.565844 -0.144237
1403638561.727829 10.317184 8.325266 2.829997 0.792080 0.184834 0.564045 -0.142474
1403638561.827830 10.373711 8.279663 2.812978 0.791585 0.186849 0.564443 -0.141014
1403638561.927830 10.424359 8.233847 2.790123 0.791583 0.185631 0.565914 -0.136668
1403638562.027829 10.472435 8.187179 2.764864 0.793062 0.178115 0.567590 -0.131033
1403638562.127830 10.518824 8.138639 2.746957 0.795172 0.168186 0.569380 -0.123375
1403638562.227829 10.558559 8.090412 2.733391 0.796566 0.159905 0.571338 -0.116126
1403638562.327830 10.597900 8.042636 2.726347 0.797784 0.150049 0.573522 -0.109990
1403638562.427830 10.633167 7.993781 2.723095 0.799222 0.136236 0.576254 -0.103028
1403638562.527829 10.667716 7.944448 2.724482 0.802194 0.118416 0.577605 -0.093994
1403638562.627830 10.701046 7.893555 2.730896 0.804275 0.095760 0.580262 -0.085252
1403638562.727829 10.731466 7.838792 2.740600 0.806794 0.070632 0.581617 -0.076265
1403638562.827830 10.756698 7.781756 2.750928 0.808557 0.044826 0.583103 -0.064940
1403638562.927830 10.775284 7.719804 2.755921 0.809975 0.020691 0.583853 -0.051258
1403638563.027829 10.788223 7.653989 2.754180 0.810152 -0.002149 0.584903 -0.039221
1403638563.127830 10.797483 7.584626 2.746794 0.810502 -0.026133 0.584263 -0.032242
1403638563.227829 10.803092 7.509630 2.734898 0.808787 -0.041853 0.586303 -0.019023
1403638563.327830 10.805153 7.430481 2.719108 0.804241 -0.052519 0.591906 -0.009275
1403638563.427830 10.802939 7.346948 2.700008 0.795713 -0.060571 0.602612 -0.005584
1403638563.527829 10.794950 7.259862 2.676138 0.793613 -0.063135 0.605134 -0.002235
1403638563.627830 10.779256 7.168002 2.657104 0.796381 -0.062290 0.601578 0.001313
1403638563.727829 10.755377 7.072021 2.645393 0.799373 -0.062850 0.597537 -0.001231
1403638563.827830 10.726339 6.969794 2.642536 0.800886 -0.062921 0.595480 -0.005022
1403638563.927830 10.692070 6.863687 2.646428 0.800331 -0.061736 0.596313 -0.008370
1403638564.027829 10.651625 6.752811 2.652240 0.799947 -0.059500 0.596989 -0.012177
1403638564.127830 10.602934 6.636398 2.651530 0.799811 -0.056150 0.597420 -0.015449
1403638564.227829 10.548859 6.514405 2.649007 0.799095 -0.050694 0.598853 -0.015885
1403638564.327830 10.490475 6.387217 2.646599 0.797967 -0.044293 0.600910 -0.013938
1403638564.427830 10.427387 6.255759 2.654750 0.796112 -0.040436 0.603626 -0.014361
1403638564.527829 10.356718 6.123357 2.670817 0.796176 -0.038310 0.603654 -0.015456
1403638564.627830 10.277538 5.989046 2.685350 0.798310 -0.039214 0.600651 -0.019518
1403638564.727829 10.192162 5.848533 2.695688 0.799685 -0.042599 0.598415 -0.024269
1403638564.827830 10.098330 5.702121 2.697967 0.799891 -0.045647 0.597795 -0.027040
1403638564.927830 10.003809 5.556019 2.687153 0.799066 -0.048469 0.598593 -0.028824
1403638565.027829 9.899897 5.405291 2.656459 0.799032 -0.049703 0.598496 -0.029670
1403638565.127830 9.794366 5.251520 2.612064 0.799791 -0.050388 0.597391 -0.030309
1403638565.227829 9.688231 5.085626 2.554777 0.800663 -0.049855 0.596287 -0.029921
1403638565.327830 9.573199 4.920832 2.497845 0.801671 -0.049039 0.595115 -0.027519
1403638565.427830 9.460052 4.744795 2.437158 0.802637 -0.047591 0.594024 -0.025407
1403638565.527829 9.341588 4.562517 2.382539 0.800742 -0.045913 0.596910 -0.020063
1403638565.627830 9.220942 4.372557 2.337734 0.799333 -0.042312 0.599280 -0.011818
1403638565.727829 9.094368 4.180124 2.300535 0.800516 -0.035793 0.598242 0.000261
1403638565.827830 8.965370 3.991452 2.267901 0.803515 -0.033112 0.594327 0.006508
1403638565.927830 8.824582 3.804068 2.239450 0.805890 -0.031064 0.591115 0.012626
1403638566.027829 8.686739 3.621988 2.211104 0.807208 -0.031876 0.589255 0.013326
1403638566.127830 8.548143 3.441022 2.170956 0.807470 -0.032259 0.588861 0.013930
1403638566.227829 8.409720 3.261298 2.123000 0.807304 -0.031903 0.589101 0.014251
1403638566.327830 8.273117 3.087080 2.069822 0.808477 -0.031798 0.587511 0.013582
1403638566.427830 8.133388 2.918519 2.008607 0.808386 -0.030592 0.587711 0.013146
1403638566.527829 7.998689 2.749370 1.944716 0.809057 -0.030205 0.586849 0.011024
1403638566.627830 7.854675 2.591342 1.872546 0.815885 -0.029614 0.577382 0.009205
1403638566.727829 7.711440 2.440813 1.794379 0.828244 -0.029244 0.559542 0.008338
1403638566.827830 7.575448 2.288961 1.709610 0.837898 -0.026494 0.545113 0.008727
1403638566.927830 7.443048 2.143677 1.622874 0.844036 -0.024335 0.535664 0.008594
1403638567.027829 7.326154 1.994286 1.532545 0.843843 -0.023174 0.536040 0.007271
1403638567.127830 7.206957 1.860910 1.452274 0.831573 -0.021389 0.554924 0.009363
1403638567.227829 7.101897 1.720775 1.364803 0.820526 -0.020001 0.571152 0.011053
1403638567.327830 6.996373 1.583596 1.270214 0.815050 -0.018946 0.578903 0.014325
1403638567.427830 6.892188 1.448496 1.175958 0.814795 -0.019360 0.579185 0.016696
1403638567.527829 6.789601 1.318126 1.085828 0.817589 -0.020500 0.575140 0.018488
1403638567.627830 6.687882 1.190823 1.000958 0.821436 -0.021288 0.569535 0.020501
1403638567.727829 6.583469 1.076854 0.931831 0.824769 -0.022197 0.564538 0.023682
1403638567.827830 6.485774 0.965962 0.870828 0.828775 -0.022699 0.558522 0.025867
1403638567.927830 6.394838 0.860195 0.819206 0.830356 -0.025462 0.556149 0.023630
1403638568.027829 6.308999 0.757899 0.774185 0.831086 -0.025718 0.554989 0.024956
1403638568.127830 6.226398 0.657910 0.740315 0.830298 -0.024206 0.556105 0.027677
1403638568.227829 6.152254 0.562072 0.707809 0.829585 -0.022785 0.557128 0.029634
1403638568.327830 6.064864 0.469155 0.694467 0.830087 -0.023417 0.556294 0.030745
1403638568.427830 5.996555 0.382691 0.664093 0.831402 -0.023730 0.554325 0.030530
1403638568.527829 5.917472 0.300185 0.628127 0.832042 -0.023649 0.553295 0.031798
1403638568.627830 5.847938 0.223012 0.589493 0.833546 -0.023507 0.550988 0.032552
1403638568.727829 5.788003 0.152599 0.547939 0.834868 -0.022001 0.548934 0.034396
1403638568.827830 5.729928 0.090624 0.513664 0.834723 -0.023284 0.549205 0.032704
1403638568.927830 5.680130 0.032672 0.486886 0.834630 -0.022809 0.549295 0.033874
1403638569.027829 5.635694 -0.019397 0.467586 0.833744 -0.023054 0.550622 0.033992
1403638569.127830 5.596376 -0.069412 0.454987 0.833831 -0.021902 0.550431 0.035661
1403638569.227829 5.560183 -0.111594 0.448769 0.835293 -0.021030 0.548099 0.037821
1403638569.327830 5.527517 -0.152049 0.437400 0.835921 -0.020874 0.547061 0.039031
1403638569.427830 5.500125 -0.184756 0.425330 0.834927 -0.020367 0.548518 0.040118
1403638569.527829 5.480439 -0.212570 0.405203 0.833671 -0.020181 0.550420 0.040277
1403638569.627830 5.463938 -0.234139 0.385805 0.832212 -0.020896 0.552620 0.039969
1403638569.727829 5.451632 -0.249626 0.373225 0.831162 -0.020583 0.554142 0.040898
1403638569.827830 5.443509 -0.260744 0.368980 0.830502 -0.020206 0.555145 0.040889
1403638569.927830 5.438935 -0.265524 0.370907 0.828674 -0.019541 0.557806 0.042080
1403638570.027829 5.436916 -0.264820 0.373759 0.827473 -0.020795 0.559695 0.039969
1403638570.127830 5.436650 -0.259229 0.370875 0.827565 -0.023166 0.559703 0.036510
1403638570.227829 5.437519 -0.249739 0.361565 0.827082 -0.026602 0.560621 0.030525
1403638570.327830 5.439756 -0.238363 0.347175 0.826757 -0.033003 0.561167 0.021796
1403638570.427830 5.442854 -0.226777 0.327462 0.826394 -0.043192 0.561139 0.018152
1403638570.527829 5.446701 -0.217272 0.298338 0.824948 -0.065182 0.561309 0.012018
1403638570.627830 5.450294 -0.214301 0.262578 0.821063 -0.094393 0.562920 0.008114
1403638570.727829 5.453682 -0.220926 0.224648 0.813037 -0.121920 0.569138 0.013759
1403638570.827830 5.452086 -0.238373 0.186101 0.800490 -0.148822 0.580108 0.023315
1403638570.927830 5.442762 -0.265837 0.146127 0.790670 -0.171379 0.586569 0.037508
1403638571.027829 5.425318 -0.304495 0.103044 0.783857 -0.192351 0.588040 0.052701
1403638571.127830 5.398360 -0.351908 0.057893 0.784846 -0.208212 0.579079 0.073023
1403638571.227829 5.364315 -0.406559 0.021704 0.787135 -0.216923 0.569572 0.094609
1403638571.327830 5.325438 -0.466702 -0.004512 0.787449 -0.221726 0.563899 0.113044
1403638571.427830 5.282845 -0.531287 -0.023069 0.785149 -0.227822 0.563016 0.121041
1403638571.527829 5.235275 -0.598658 -0.032962 0.781976 -0.231208 0.564713 0.127108
1403638571.627830 5.182734 -0.669681 -0.042441 0.780587 -0.238104 0.562249 0.133668
1403638571.727829 5.124717 -0.744687 -0.054579 0.780442 -0.249861 0.555636 0.140527
1403638571.827830 5.063077 -0.822867 -0.073527 0.778918 -0.265312 0.548429 0.148737
1403638571.927830 4.998105 -0.903403 -0.094349 0.773872 -0.284666 0.543802 0.156102
1403638572.027829 4.930913 -0.988713 -0.108557 0.767176 -0.304241 0.540033 0.165053
1403638572.127830 4.863472 -1.078062 -0.116793 0.759620 -0.322184 0.536778 0.176196
1403638572.227829 4.788992 -1.167915 -0.109110 0.754043 -0.336973 0.529694 0.193113
1403638572.327830 4.715228 -1.261459 -0.103996 0.749662 -0.354701 0.519127 0.206643
1403638572.427830 4.639924 -1.359431 -0.102452 0.744715 -0.371330 0.508878 0.220355
1403638572.527829 4.565251 -1.462039 -0.104515 0.741192 -0.381784 0.500579 0.233016
1403638572.627830 4.493434 -1.568104 -0.109210 0.737841 -0.388472 0.496226 0.241743
1403638572.727829 4.421392 -1.681836 -0.105585 0.737667 -0.390975 0.491091 0.248626
1403638572.827830 4.351774 -1.798284 -0.095513 0.739758 -0.390183 0.485599 0.254381
1403638572.927830 4.290735 -1.917060 -0.078620 0.741649 -0.389640 0.482386 0.255815
1403638573.027829 4.227183 -2.037025 -0.060929 0.744042 -0.388391 0.479473 0.256242
1403638573.127830 4.170338 -2.159504 -0.049901 0.746194 -0.386764 0.478089 0.255029
1403638573.227829 4.117998 -2.285820 -0.041700 0.747130 -0.384914 0.478944 0.253476
1403638573.327830 4.072225 -2.414452 -0.034206 0.748221 -0.382835 0.479723 0.251928
1403638573.427830 4.028909 -2.546607 -0.022491 0.749325 -0.382995 0.477329 0.252951
1403638573.527829 3.994404 -2.681997 -0.007377 0.749135 -0.382978 0.476013 0.256000
1403638573.627830 3.964541 -2.818397 0.018675 0.748795 -0.383343 0.475494 0.257412
1403638573.727829 3.943495 -2.955450 0.047926 0.748103 -0.385228 0.472605 0.261889
1403638573.827830 3.926528 -3.098982 0.080275 0.741024 -0.389005 0.474675 0.272472
1403638573.927830 3.916355 -3.244503 0.109312 0.728604 -0.397399 0.478584 0.286648
1403638574.027829 3.912317 -3.390000 0.129609 0.710441 -0.415392 0.485826 0.294442
1403638574.127830 3.911164 -3.530834 0.140920 0.688955 -0.438241 0.493214 0.300043
1403638574.227829 3.905136 -3.671422 0.149573 0.667860 -0.461808 0.496303 0.307214
1403638574.327830 3.892581 -3.805938 0.155097 0.652074 -0.483088 0.490260 0.317916
1403638574.427830 3.873681 -3.936142 0.157567 0.640099 -0.501455 0.478220 0.331846
1403638574.527829 3.850205 -4.062404 0.158839 0.628769 -0.518471 0.466649 0.343622
1403638574.627830 3.819689 -4.184773 0.164945 0.619060 -0.529092 0.459677 0.354295
1403638574.727829 3.786581 -4.304626 0.177631 0.615931 -0.533286 0.449315 0.366538
1403638574.827830 3.753862 -4.420896 0.192904 0.617764 -0.536175 0.437869 0.373036
1403638574.927830 3.722403 -4.535386 0.209515 0.619829 -0.540978 0.430066 0.371750
1403638575.027829 3.688716 -4.643193 0.220705 0.620536 -0.544673 0.427879 0.367677
1403638575.127830 3.653965 -4.750913 0.227736 0.618053 -0.549243 0.431857 0.360337
1403638575.227829 3.617044 -4.861273 0.229925 0.615995 -0.550935 0.436229 0.355985
1403638575.327830 3.578612 -4.972553 0.227516 0.616560 -0.551453 0.437474 0.352661
1403638575.427830 3.537176 -5.086765 0.218391 0.621737 -0.551032 0.433619 0.348972
1403638575.527829 3.494596 -5.202029 0.209991 0.626499 -0.548905 0.430568 0.347584
1403638575.627830 3.448498 -5.321766 0.204370 0.633311 -0.544387 0.424681 0.349581
1403638575.727829 3.401898 -5.444071 0.206401 0.639379 -0.539996 0.419028 0.352156
1403638575.827830 3.356380 -5.568362 0.217235 0.645203 -0.537433 0.412889 0.352707
1403638575.927830 3.314944 -5.698377 0.237409 0.647059 -0.536310 0.412344 0.351652
1403638576.027829 3.276525 -5.837929 0.265957 0.647552 -0.534945 0.413288 0.351714
1403638576.127830 3.242485 -5.977996 0.301770 0.647317 -0.534234 0.413927 0.352474
1403638576.227829 3.211027 -6.124620 0.339072 0.646478 -0.532542 0.415373 0.354868
1403638576.327830 3.183746 -6.272289 0.371465 0.647574 -0.529281 0.413802 0.359551
1403638576.427830 3.160918 -6.424360 0.397010 0.649741 -0.527036 0.410382 0.362843
1403638576.527829 3.144146 -6.583052 0.416386 0.653460 -0.523291 0.404418 0.368242
1403638576.627830 3.135614 -6.742412 0.430402 0.656104 -0.520979 0.399706 0.371946
1403638576.727829 3.135067 -6.904155 0.441072 0.655346 -0.518422 0.401119 0.375319
1403638576.827830 3.141641 -7.068175 0.447211 0.651212 -0.514930 0.407634 0.380269
1403638576.927830 3.154545 -7.229634 0.447997 0.645559 -0.515075 0.416150 0.380487
1403638577.027829 3.172943 -7.392445 0.446601 0.640845 -0.517936 0.423525 0.376413
1403638577.127830 3.195714 -7.551337 0.449480 0.637233 -0.520494 0.428679 0.373168
1403638577.227829 3.222262 -7.709189 0.459057 0.635726 -0.522213 0.430823 0.370860
1403638577.327830 3.252859 -7.865203 0.476025 0.638222 -0.519288 0.427375 0.374650
1403638577.427830 3.286612 -8.019620 0.501682 0.642859 -0.514419 0.420899 0.380723
1403638577.527829 3.326959 -8.171886 0.529197 0.643552 -0.513809 0.420230 0.381114
1403638577.627830 3.372291 -8.321533 0.551000 0.642721 -0.515739 0.421626 0.378358
1403638577.727829 3.422109 -8.467765 0.565561 0.642654 -0.517144 0.422247 0.375853
1403638577.827830 3.475425 -8.611652 0.574246 0.642376 -0.518398 0.423194 0.373528
1403638577.927830 3.531279 -8.751685 0.575767 0.642663 -0.517633 0.423785 0.373424
1403638578.027829 3.591841 -8.890207 0.578522 0.642875 -0.516200 0.424431 0.374310
1403638578.127830 3.655248 -9.031036 0.587771 0.641448 -0.516913 0.428032 0.371664
1403638578.227829 3.724454 -9.171762 0.605021 0.636426 -0.521977 0.436162 0.363682
1403638578.327830 3.791232 -9.312757 0.623910 0.633065 -0.525909 0.441252 0.357695
1403638578.427830 3.857042 -9.452155 0.639546 0.632511 -0.526300 0.441665 0.357588
1403638578.527829 3.918928 -9.587339 0.650877 0.632038 -0.526752 0.441795 0.357599
1403638578.627830 3.979801 -9.722139 0.657383 0.631302 -0.526512 0.442181 0.358774
1403638578.727829 4.039065 -9.854294 0.660553 0.632863 -0.524174 0.439561 0.362647
1403638578.827830 4.095349 -9.980979 0.659641 0.636514 -0.520543 0.434280 0.367812
1403638578.927830 4.154714 -10.107893 0.657025 0.637754 -0.517748 0.432284 0.371938
1403638579.027829 4.211079 -10.231532 0.658395 0.638934 -0.515536 0.431712 0.373646
1403638579.127830 4.273325 -10.352841 0.668791 0.639236 -0.514507 0.432213 0.373968
1403638579.227829 4.336405 -10.474763 0.682737 0.639306 -0.514094 0.432816 0.373719
1403638579.327830 4.393663 -10.577366 0.699729 0.637836 -0.515546 0.436093 0.370406
1403638579.427830 4.461922 -10.692415 0.717034 0.633307 -0.520774 0.442821 0.362804
1403638579.527829 4.527653 -10.802167 0.730873 0.630177 -0.523079 0.448602 0.357801
1403638579.627830 4.592563 -10.913013 0.737297 0.627947 -0.514911 0.459562 0.359656
1403638579.727829 4.654390 -11.020870 0.735705 0.633759 -0.498631 0.468522 0.360838
1403638579.827830 4.715289 -11.122516 0.730628 0.649118 -0.478644 0.473282 0.354329
1403638579.927830 4.775289 -11.217867 0.720609 0.669912 -0.455639 0.477564 0.339916
1403638580.027829 4.835171 -11.309051 0.706986 0.687503 -0.426000 0.491080 0.323581
1403638580.127830 4.896348 -11.392309 0.693623 0.700683 -0.389746 0.512870 0.306765
1403638580.227829 4.959253 -11.464226 0.675543 0.716644 -0.353271 0.530409 0.283351
1403638580.327830 5.019850 -11.525195 0.653129 0.734315 -0.322036 0.540677 0.254445
1403638580.427830 5.076952 -11.579110 0.625999 0.748115 -0.301826 0.546693 0.224391
1403638580.527829 5.127667 -11.630688 0.595856 0.756748 -0.287641 0.550663 0.203386
1403638580.627830 5.173690 -11.680076 0.564808 0.765035 -0.274058 0.551759 0.187552
1403638580.727829 5.213528 -11.728562 0.537073 0.776152 -0.258390 0.548210 0.174038
1403638580.827830 5.249852 -11.774662 0.518221 0.784350 -0.245549 0.544642 0.166930
1403638580.927830 5.281716 -11.821333 0.510365 0.788717 -0.237244 0.543288 0.162721
1403638581.027829 5.312832 -11.868944 0.513794 0.789984 -0.235128 0.543725 0.158123
1403638581.127830 5.346457 -11.915658 0.522384 0.790406 -0.233375 0.543609 0.159007
1403638581.227829 5.377989 -11.963126 0.541068 0.790778 -0.232462 0.542762 0.161371
1403638581.327830 5.410040 -12.007480 0.555693 0.790326 -0.233020 0.542027 0.165206
1403638581.427830 5.442084 -12.051151 0.573818 0.788566 -0.233676 0.543320 0.168411
1403638581.527829 5.475696 -12.091503 0.596020 0.787223 -0.235917 0.543506 0.170951
1403638581.627830 5.511236 -12.130711 0.621259 0.784772 -0.236840 0.545389 0.174903
1403638581.727829 5.547480 -12.168357 0.643291 0.780110 -0.236553 0.550682 0.179502
1403638581.827830 5.584192 -12.203023 0.655001 0.778325 -0.237956 0.552003 0.181325
1403638581.927830 5.618437 -12.234684 0.661928 0.771475 -0.237487 0.560700 0.184504
1403638582.027829 5.648568 -12.261349 0.668447 0.768099 -0.236600 0.564973 0.186683
1403638582.127830 5.675457 -12.284210 0.676005 0.774357 -0.239080 0.556034 0.184495
1403638582.227829 5.696478 -12.300959 0.692753 0.780388 -0.241359 0.547566 0.181417
1403638582.327830 5.716232 -12.313213 0.719950 0.778866 -0.239495 0.549888 0.183393
1403638582.427830 5.739102 -12.325830 0.758249 0.776346 -0.238110 0.553508 0.184982
1403638582.527829 5.759200 -12.332250 0.803339 0.775249 -0.236968 0.555257 0.185811
1403638582.627830 5.780449 -12.338027 0.858489 0.775136 -0.236637 0.555350 0.186422
1403638582.727829 5.803093 -12.338192 0.919550 0.777802 -0.237569 0.551510 0.185530
1403638582.827830 5.825924 -12.338978 0.984558 0.779111 -0.238678 0.549322 0.185105
1403638582.927830 5.849810 -12.332737 1.046062 0.780397 -0.239793 0.547108 0.184801
1403638583.027829 5.872417 -12.322510 1.097031 0.783105 -0.241387 0.542856 0.183811
1403638583.127830 5.892495 -12.308559 1.134785 0.785007 -0.242545 0.539753 0.183308
1403638583.227829 5.900321 -12.283039 1.151654 0.785831 -0.243929 0.538250 0.182362
1403638583.327830 5.915173 -12.262663 1.173954 0.785721 -0.243695 0.538407 0.182684
1403638583.427830 5.935085 -12.245433 1.195023 0.785902 -0.244171 0.538046 0.182333
1403638583.527829 5.948931 -12.223663 1.212342 0.786383 -0.244120 0.537543 0.181807
1403638583.627830 5.967651 -12.200336 1.246828 0.786327 -0.243434 0.537688 0.182545
1403638583.727829 5.990683 -12.174892 1.284950 0.786252 -0.242595 0.537770 0.183737
1403638583.827830 6.016718 -12.148551 1.316840 0.785892 -0.242339 0.538299 0.184063
1403638583.927830 6.047475 -12.121841 1.342757 0.785064 -0.242371 0.539599 0.183750
1403638584.027829 6.080292 -12.093657 1.359292 0.784349 -0.241655 0.540568 0.184895
1403638584.127830 6.111231 -12.060150 1.374183 0.777158 -0.238446 0.550755 0.189311
1403638584.227829 6.141091 -12.026576 1.388682 0.767521 -0.234582 0.564228 0.193728
1403638584.327830 6.169050 -11.986891 1.395171 0.761677 -0.233135 0.572189 0.195179
1403638584.427830 6.191190 -11.939084 1.391883 0.760369 -0.232956 0.574051 0.195028
1403638584.527829 6.207111 -11.885078 1.387350 0.759686 -0.233384 0.574940 0.194562
1403638584.627830 6.218563 -11.825941 1.389605 0.760939 -0.233171 0.573469 0.194259
1403638584.727829 6.225616 -11.760224 1.399662 0.764624 -0.234352 0.568804 0.192070
1403638584.827830 6.228800 -11.688485 1.412768 0.772567 -0.237690 0.558114 0.187490
1403638584.927830 6.226890 -11.612861 1.426048 0.778507 -0.241920 0.549662 0.182409
1403638585.027829 6.226502 -11.537524 1.436512 0.781255 -0.243313 0.545720 0.180636
1403638585.127830 6.226527 -11.461647 1.441112 0.781441 -0.244597 0.545284 0.179409
1403638585.227829 6.225530 -11.384324 1.440485 0.780254 -0.244861 0.546856 0.179429
1403638585.327830 6.222534 -11.304714 1.434346 0.777739 -0.244098 0.550341 0.180729
1403638585.427830 6.220190 -11.224295 1.426413 0.777098 -0.243930 0.551365 0.180592
1403638585.527829 6.219682 -11.143987 1.419633 0.778033 -0.244038 0.549857 0.181018
1403638585.627830 6.221431 -11.064497 1.422430 0.780101 -0.244220 0.547109 0.180195
1403638585.727829 6.218291 -10.982896 1.431682 0.783971 -0.245164 0.541605 0.178742
1403638585.827830 6.219225 -10.902933 1.451913 0.788624 -0.247395 0.534738 0.175848
1403638585.927830 6.221084 -10.823157 1.481152 0.790940 -0.250189 0.531054 0.172629
1403638586.027829 6.228628 -10.748314 1.514867 0.788216 -0.250797 0.534735 0.172843
1403638586.127830 6.239228 -10.675295 1.545126 0.784552 -0.250430 0.539508 0.175197
1403638586.227829 6.248393 -10.602300 1.567900 0.782138 -0.249641 0.542737 0.177134
1403638586.327830 6.258017 -10.529605 1.586085 0.778931 -0.247820 0.547039 0.180554
1403638586.427830 6.265891 -10.456589 1.600081 0.776316 -0.242870 0.550335 0.188356
1403638586.527829 6.274406 -10.381587 1.609557 0.775331 -0.238720 0.551245 0.194947
1403638586.627830 6.282097 -10.303516 1.612257 0.775900 -0.240515 0.550582 0.192334
1403638586.727829 6.291388 -10.223287 1.609662 0.775982 -0.242969 0.550610 0.188803
1403638586.827830 6.301614 -10.141466 1.600951 0.775238 -0.244877 0.551878 0.185666
1403638586.927830 6.311646 -10.057157 1.586084 0.774730 -0.244450 0.552742 0.185777
1403638587.027829 6.317814 -9.970894 1.567406 0.774556 -0.244847 0.553099 0.184916
1403638587.127830 6.326544 -9.882407 1.548032 0.774747 -0.245427 0.552780 0.184301
1403638587.227829 6.331927 -9.792557 1.537976 0.777003 -0.244985 0.549879 0.184072
1403638587.327830 6.334765 -9.701661 1.534015 0.778595 -0.245448 0.547583 0.183568
1403638587.427830 6.338604 -9.609610 1.529135 0.778998 -0.246425 0.547071 0.182073
1403638587.527829 6.345067 -9.516965 1.530866 0.778723 -0.247475 0.547379 0.180895
1403638587.627830 6.349996 -9.424087 1.527539 0.778669 -0.248758 0.547179 0.179967
1403638587.727829 6.354742 -9.331659 1.519425 0.778503 -0.248780 0.547301 0.180287
1403638587.827830 6.360532 -9.240317 1.504988 0.778081 -0.249916 0.547650 0.179477
1403638587.927830 6.365164 -9.149688 1.486907 0.777670 -0.250493 0.548070 0.179170
1403638588.027829 6.370498 -9.063116 1.463968 0.777145 -0.250367 0.548962 0.178892
1403638588.127830 6.372945 -8.974888 1.436774 0.777534 -0.248129 0.548356 0.182150
1403638588.227829 6.376657 -8.886368 1.407460 0.778459 -0.243499 0.547003 0.188409
1403638588.327830 6.379915 -8.796601 1.382457 0.779001 -0.242589 0.546391 0.189117
1403638588.427830 6.384543 -8.705974 1.362920 0.778832 -0.242454 0.546761 0.188918
1403638588.527829 6.389221 -8.611338 1.354304 0.778528 -0.243927 0.547271 0.186786
1403638588.627830 6.394647 -8.514042 1.352170 0.777797 -0.245184 0.548494 0.184582
1403638588.727829 6.399359 -8.415662 1.361360 0.776071 -0.247132 0.550904 0.182055
1403638588.827830 6.401753 -8.316680 1.371649 0.775363 -0.248020 0.551726 0.181375
1403638588.927830 6.403619 -8.219647 1.376150 0.775102 -0.249503 0.551840 0.180104
1403638589.027829 6.403634 -8.122521 1.373698 0.775070 -0.250324 0.551527 0.180061
1403638589.127830 6.403783 -8.022625 1.362786 0.775255 -0.249841 0.551002 0.181538
1403638589.227829 6.404601 -7.922690 1.346320 0.774897 -0.249874 0.551422 0.181745
1403638589.327830 6.404665 -7.823441 1.327114 0.774191 -0.250070 0.552272 0.181904
1403638589.427830 6.404525 -7.723748 1.310020 0.774278 -0.250315 0.552231 0.181319
1403638589.527829 6.401644 -7.624213 1.298502 0.774623 -0.250318 0.551817 0.181102
1403638589.627830 6.398792 -7.524130 1.295092 0.774504 -0.249928 0.552082 0.181345
1403638589.727829 6.391417 -7.427294 1.301690 0.776158 -0.250694 0.549640 0.180632
1403638589.827830 6.384820 -7.328911 1.314186 0.777032 -0.251633 0.548084 0.180295
1403638589.927830 6.376626 -7.231492 1.317189 0.777402 -0.251760 0.547153 0.181349
1403638590.027829 6.367059 -7.131897 1.321370 0.776891 -0.253509 0.547364 0.180462
1403638590.127830 6.357637 -7.032519 1.315113 0.776277 -0.253843 0.547877 0.181076
1403638590.227829 6.349627 -6.934560 1.304113 0.775308 -0.254338 0.548886 0.181477
1403638590.327830 6.339349 -6.837155 1.289183 0.774982 -0.254574 0.549230 0.181499
1403638590.427830 6.330363 -6.739650 1.276184 0.776141 -0.254839 0.547334 0.181902
1403638590.527829 6.317842 -6.644445 1.255494 0.776189 -0.255684 0.547258 0.180737
1403638590.627830 6.304074 -6.551077 1.244924 0.778318 -0.256246 0.544306 0.179695
1403638590.727829 6.291882 -6.458233 1.240246 0.779293 -0.257702 0.542935 0.177520
1403638590.827830 6.281886 -6.366723 1.244340 0.780383 -0.257646 0.541325 0.177728
1403638590.927830 6.273478 -6.277971 1.252679 0.780920 -0.258347 0.540478 0.176928
1403638591.027829 6.265724 -6.187637 1.267462 0.781667 -0.259713 0.539051 0.175981
1403638591.127830 6.255837 -6.090499 1.277425 0.784244 -0.260533 0.535089 0.175396
1403638591.227829 6.250773 -6.003460 1.282189 0.789142 -0.262442 0.527406 0.173845
1403638591.327830 6.249935 -5.915841 1.281173 0.794727 -0.265303 0.518587 0.170557
1403638591.427830 6.254675 -5.837382 1.274447 0.797804 -0.267693 0.513390 0.168165
1403638591.527829 6.262740 -5.766067 1.262977 0.800262 -0.270212 0.509202 0.165165
1403638591.627830 6.276472 -5.702937 1.247823 0.802226 -0.271838 0.505907 0.163080
1403638591.727829 6.295122 -5.648400 1.233982 0.801030 -0.272629 0.507400 0.162999
1403638591.827830 6.322093 -5.600720 1.218874 0.798593 -0.271494 0.511313 0.164617
1403638591.927830 6.354207 -5.561167 1.210164 0.795896 -0.270382 0.515606 0.166112
1403638592.027829 6.392795 -5.533279 1.209628 0.793253 -0.269733 0.519810 0.166708
1403638592.127830 6.435663 -5.506073 1.216079 0.791609 -0.268570 0.522810 0.167017
1403638592.227829 6.481607 -5.483523 1.234083 0.786991 -0.265150 0.532632 0.163232
1403638592.327830 6.529799 -5.465625 1.261848 0.782348 -0.258423 0.544649 0.156545
1403638592.427830 6.578019 -5.450749 1.296703 0.782037 -0.246770 0.553426 0.145744
1403638592.527829 6.622342 -5.440206 1.340752 0.787507 -0.232351 0.554564 0.135296
1403638592.627830 6.661811 -5.434574 1.391484 0.795080 -0.219417 0.550635 0.128473
1403638592.727829 6.700138 -5.435024 1.444590 0.802428 -0.210146 0.544901 0.122604
1403638592.827830 6.739816 -5.438304 1.492391 0.808828 -0.204872 0.538555 0.117403
1403638592.927830 6.780591 -5.445412 1.535807 0.812390 -0.200632 0.535174 0.115583
1403638593.027829 6.825082 -5.457178 1.572488 0.813888 -0.198027 0.534066 0.114653
1403638593.127830 6.873137 -5.473581 1.605194 0.813970 -0.196962 0.534423 0.114237
1403638593.227829 6.926076 -5.495157 1.643844 0.810626 -0.194927 0.539524 0.117483
1403638593.327830 6.982578 -5.520037 1.687435 0.808150 -0.189925 0.543172 0.125638
1403638593.427830 7.041720 -5.544124 1.737740 0.803834 -0.184274 0.549028 0.135877
1403638593.527829 7.100472 -5.568512 1.781216 0.800235 -0.182219 0.553619 0.141160
1403638593.627830 7.159471 -5.590218 1.814594 0.798267 -0.181894 0.555765 0.144255
1403638593.727829 7.212305 -5.610603 1.846289 0.796398 -0.181280 0.558223 0.145859
1403638593.827830 7.270306 -5.623332 1.871735 0.790135 -0.182172 0.566999 0.144956
1403638593.927830 7.322007 -5.632404 1.900941 0.780966 -0.179695 0.581688 0.139429
1403638594.027829 7.370118 -5.635957 1.932173 0.783593 -0.176824 0.580843 0.131667
1403638594.127830 7.412320 -5.635105 1.968647 0.789720 -0.173904 0.574596 0.126246
1403638594.227829 7.451303 -5.631403 2.006951 0.794664 -0.168996 0.569224 0.126232
1403638594.327830 7.484681 -5.626749 2.041645 0.794914 -0.164745 0.570043 0.126578
1403638594.427830 7.516439 -5.619936 2.076235 0.793612 -0.158218 0.572698 0.131010
1403638594.527829 7.545461 -5.609039 2.114346 0.793327 -0.157003 0.573764 0.129525
1403638594.627830 7.560850 -5.589376 2.166356 0.793877 -0.159503 0.573551 0.123923
1403638594.727829 7.577045 -5.570109 2.214729 0.794372 -0.162433 0.572845 0.120156
1403638594.827830 7.591390 -5.550745 2.258674 0.794740 -0.164161 0.572168 0.118589
1403638594.927830 7.603289 -5.527225 2.294328 0.795544 -0.165229 0.570750 0.118551
1403638595.027829 7.612572 -5.503315 2.322435 0.797006 -0.166909 0.568360 0.117855
1403638595.127830 7.619589 -5.479923 2.344067 0.797936 -0.168214 0.566711 0.117645
1403638595.227829 7.626345 -5.455111 2.359360 0.798356 -0.168674 0.565804 0.118500
1403638595.327830 7.631232 -5.430829 2.367576 0.798446 -0.168933 0.565509 0.118936
1403638595.427830 7.633758 -5.406202 2.370027 0.798305 -0.169779 0.565526 0.118597
1403638595.527829 7.634290 -5.381696 2.367418 0.798892 -0.169762 0.564692 0.118642
1403638595.627830 7.633678 -5.357167 2.365406 0.799497 -0.169040 0.563936 0.119191
1403638595.727829 7.631451 -5.330603 2.369149 0.799977 -0.166323 0.563156 0.123406
1403638595.827830 7.627843 -5.304582 2.375771 0.800715 -0.164740 0.561983 0.126063
1403638595.927830 7.623767 -5.278330 2.373034 0.800408 -0.164147 0.562342 0.127176
1403638596.027829 7.619116 -5.250782 2.356611 0.800143 -0.161446 0.562608 0.131068
1403638596.127830 7.614872 -5.220086 2.334646 0.801304 -0.154536 0.560462 0.141115
1403638596.227829 7.611471 -5.183524 2.317681 0.803318 -0.145836 0.556860 0.152708
1403638596.327830 7.610779 -5.139320 2.306780 0.804438 -0.137768 0.554250 0.163422
1403638596.427830 7.612709 -5.084573 2.308123 0.804410 -0.132223 0.553686 0.169922
1403638596.527829 7.616459 -5.019257 2.317674 0.804205 -0.126514 0.553326 0.176295
1403638596.627830 7.627014 -4.939442 2.335269 0.804705 -0.120662 0.551590 0.183410
1403638596.727829 7.642977 -4.842929 2.360002 0.805331 -0.115757 0.549629 0.189607
1403638596.827830 7.663099 -4.731251 2.392567 0.804945 -0.112217 0.549528 0.193623
1403638596.927830 7.689853 -4.601507 2.428940 0.803917 -0.110198 0.550555 0.196117
1403638597.027829 7.720438 -4.455243 2.463579 0.802850 -0.109989 0.551549 0.197808
1403638597.127830 7.751879 -4.297114 2.492840 0.801148 -0.108876 0.553276 0.200481
1403638597.227829 7.785123 -4.120340 2.514836 0.798936 -0.110035 0.556131 0.200778
1403638597.327830 7.820084 -3.927063 2.530801 0.796797 -0.113721 0.559771 0.197074
1403638597.427830 7.859045 -3.719211 2.541841 0.794627 -0.119459 0.563760 0.190976
1403638597.527829 7.900799 -3.497646 2.548328 0.790029 -0.128568 0.572071 0.179048
1403638597.627830 7.943361 -3.266843 2.549100 0.786601 -0.136038 0.577865 0.169777
1403638597.727829 7.982367 -3.029678 2.543350 0.785792 -0.136714 0.578986 0.169161
1403638597.827830 8.019253 -2.785335 2.531696 0.788480 -0.126913 0.576049 0.174240
1403638597.927830 8.049714 -2.530126 2.518190 0.791201 -0.115541 0.573481 0.178240
1403638598.027829 8.082871 -2.265072 2.506819 0.792236 -0.108958 0.574047 0.175959
1403638598.127830 8.116481 -1.988246 2.502369 0.792695 -0.112897 0.577149 0.160585
1403638598.227829 8.146817 -1.702568 2.505307 0.793736 -0.122451 0.579196 0.139715
1403638598.327830 8.175428 -1.412093 2.512101 0.796438 -0.129611 0.577300 0.124947
1403638598.427830 8.200239 -1.124586 2.509993 0.798485 -0.133065 0.575210 0.117678
1403638598.527829 8.226658 -0.837015 2.498611 0.800295 -0.132681 0.573585 0.113680
1403638598.627830 8.247367 -0.553188 2.481484 0.803675 -0.127501 0.570974 0.108811
1403638598.727829 8.266955 -0.271879 2.462753 0.805653 -0.117070 0.571566 0.102618
1403638598.827830 8.290055 0.002743 2.442715 0.806928 -0.104118 0.573825 0.093548
1403638598.927830 8.307374 0.277358 2.431515 0.809562 -0.088488 0.574193 0.084146
1403638599.027829 8.322966 0.548718 2.423560 0.811417 -0.072789 0.575497 0.071471
1403638599.127830 8.335975 0.816117 2.423830 0.812670 -0.054650 0.576993 0.060490
1403638599.227829 8.344181 1.083743 2.429089 0.814297 -0.036070 0.577257 0.048926
1403638599.327830 8.347628 1.347994 2.440066 0.816409 -0.017708 0.576099 0.035674
1403638599.427830 8.351186 1.611679 2.459561 0.819402 -0.001212 0.572616 0.026266
1403638599.527829 8.354204 1.873169 2.481456 0.821734 0.009943 0.569463 0.019137
1403638599.627830 8.349969 2.131334 2.488589 0.823234 0.015647 0.567340 0.012910
1403638599.727829 8.352148 2.386248 2.484804 0.824293 0.018932 0.565744 0.010789
1403638599.827830 8.358241 2.639468 2.479016 0.824861 0.018046 0.564965 0.009659
1403638599.927830 8.366624 2.892135 2.471580 0.826056 0.014326 0.563362 0.006945
1403638600.027829 8.377376 3.141791 2.460180 0.825447 0.007827 0.564422 0.001956
1403638600.127830 8.390363 3.390201 2.443820 0.827499 -0.001608 0.561428 -0.006354
1403638600.227829 8.406095 3.633450 2.423001 0.830182 -0.013402 0.557032 -0.018259
1403638600.327830 8.422755 3.869128 2.398488 0.831816 -0.023129 0.553907 -0.027087
1403638600.427830 8.441994 4.092753 2.378934 0.832972 -0.031640 0.551302 -0.034959
1403638600.527829 8.467870 4.298259 2.368411 0.833677 -0.034721 0.549974 -0.036136
1403638600.627830 8.498252 4.497156 2.375903 0.835206 -0.036493 0.547557 -0.035778
1403638600.727829 8.533553 4.678413 2.385913 0.837539 -0.037854 0.543849 -0.036375
1403638600.827830 8.574027 4.857336 2.399116 0.841631 -0.034783 0.537933 -0.032792
1403638600.927830 8.624416 5.012057 2.415198 0.844975 -0.022536 0.534053 -0.017220
1403638601.027829 8.681845 5.158326 2.425575 0.845859 -0.011390 0.533273 -0.003607
1403638601.127830 8.747795 5.297922 2.430301 0.844656 -0.005704 0.535270 0.003095
1403638601.227829 8.819681 5.434823 2.431379 0.841696 0.001650 0.539819 0.011867
1403638601.327830 8.898721 5.570760 2.429861 0.834415 0.008280 0.550775 0.018175
1403638601.427830 8.981369 5.711537 2.429482 0.830016 0.010832 0.557581 0.007737
1403638601.527829 9.066048 5.851535 2.435039 0.825783 0.020596 0.563598 -0.004062
1403638601.627830 9.148855 5.992450 2.446369 0.822493 0.037870 0.567309 -0.015259
1403638601.727829 9.231393 6.133656 2.464850 0.819956 0.061055 0.568500 -0.027421
1403638601.827830 9.310641 6.275559 2.491339 0.815662 0.088907 0.570182 -0.041031
1403638601.927830 9.386094 6.418776 2.522832 0.811176 0.116622 0.570388 -0.055233
1403638602.027829 9.461194 6.561776 2.550176 0.808768 0.136842 0.567904 -0.068222
1403638602.127830 9.531828 6.705372 2.570387 0.805641 0.152319 0.567360 -0.076445
1403638602.227829 9.597371 6.849003 2.580727 0.799220 0.169104 0.570910 -0.081935
1403638602.327830 9.660981 6.997739 2.589038 0.790556 0.185277 0.575855 -0.095312
1403638602.427830 9.718139 7.148828 2.605045 0.774747 0.193190 0.588350 -0.127628
1403638602.527829 9.765545 7.296890 2.631144 0.751011 0.198835 0.608048 -0.163480
1403638602.627830 9.798723 7.436711 2.659619 0.733958 0.207101 0.617594 -0.192332
1403638602.727829 9.818229 7.558538 2.696309 0.727787 0.224273 0.613982 -0.207497
1403638602.827830 9.821700 7.663076 2.739222 0.724043 0.245690 0.607351 -0.215693
1403638602.927830 9.801176 7.752462 2.783406 0.722341 0.263859 0.596547 -0.229638
1403638603.027829 9.776297 7.829465 2.829172 0.721022 0.277468 0.583019 -0.251451
1403638603.127830 9.743963 7.890731 2.870590 0.713238 0.291618 0.578119 -0.268381
1403638603.227829 9.704342 7.936000 2.901402 0.712535 0.307730 0.568346 -0.273091
1403638603.327830 9.660728 7.968261 2.922890 0.724491 0.324525 0.546314 -0.267093
1403638603.427830 9.614163 7.992205 2.936286 0.735375 0.335664 0.527398 -0.261544
1403638603.527829 9.568575 8.011611 2.946103 0.738913 0.340995 0.519871 -0.259739
1403638603.627830 9.521250 8.032318 2.954203 0.732948 0.343114 0.524810 -0.263886
1403638603.727829 9.472462 8.046917 2.957777 0.724528 0.348157 0.534608 -0.260846
1403638603.827830 9.423670 8.054520 2.952427 0.716545 0.353622 0.544673 -0.254649
1403638603.927830 9.369473 8.057381 2.938773 0.709258 0.358207 0.554218 -0.247959
1403638604.027829 9.307371 8.056785 2.919726 0.704085 0.360897 0.561333 -0.242742
1403638604.127830 9.233672 8.057388 2.901394 0.701175 0.362471 0.565578 -0.238936
1403638604.227829 9.149168 8.052841 2.889353 0.702610 0.360978 0.563431 -0.242031
1403638604.327830 9.054653 8.045500 2.884047 0.709211 0.356950 0.554819 -0.248560
1403638604.427830 8.944583 8.025150 2.882662 0.716988 0.355888 0.544156 -0.251330
1403638604.527829 8.836880 8.005220 2.889779 0.724257 0.357828 0.534513 -0.248409
1403638604.627830 8.726839 7.982230 2.896430 0.727393 0.358591 0.530143 -0.247509
1403638604.727829 8.614947 7.959449 2.897114 0.730062 0.355920 0.526309 -0.251654
1403638604.827830 8.502504 7.935907 2.894758 0.732427 0.353561 0.523064 -0.254851
1403638604.927830 8.390383 7.910831 2.895048 0.736615 0.354469 0.517333 -0.253212
1403638605.027829 8.277817 7.886215 2.901111 0.743889 0.356384 0.506963 -0.250215
1403638605.127830 8.168577 7.862025 2.916122 0.749387 0.358315 0.498873 -0.247296
1403638605.227829 8.066029 7.841655 2.936998 0.751352 0.360452 0.495929 -0.244128
1403638605.327830 7.969704 7.825945 2.955260 0.750411 0.363800 0.497259 -0.239304
1403638605.427830 7.877463 7.814398 2.968788 0.742767 0.369010 0.507981 -0.232562
1403638605.527829 7.787400 7.806168 2.978016 0.732506 0.373756 0.521949 -0.226519
1403638605.627830 7.695053 7.800602 2.981282 0.724914 0.378506 0.531638 -0.220442
1403638605.727829 7.593912 7.799488 2.983054 0.721459 0.380776 0.535811 -0.217748
1403638605.827830 7.486168 7.804380 2.992301 0.721931 0.381782 0.535057 -0.216266
1403638605.927830 7.373228 7.816043 3.008034 0.721336 0.383387 0.535852 -0.213426
1403638606.027829 7.256032 7.834755 3.027755 0.720588 0.385256 0.537110 -0.209388
1403638606.127830 7.128099 7.856715 3.040902 0.720535 0.386181 0.537613 -0.206559
1403638606.227829 6.995940 7.883917 3.047978 0.720576 0.387709 0.537611 -0.203534
1403638606.327830 6.856914 7.918813 3.047990 0.724502 0.385671 0.533338 -0.204708
1403638606.427830 6.711793 7.957794 3.040196 0.734739 0.379881 0.520598 -0.211725
1403638606.527829 6.564794 8.001010 3.026940 0.745344 0.372958 0.506770 -0.220337
1403638606.627830 6.419991 8.050636 3.008359 0.751547 0.371403 0.496190 -0.225903
1403638606.727829 6.278477 8.106889 2.985226 0.753185 0.377696 0.486953 -0.230077
1403638606.827830 6.141642 8.171111 2.958518 0.750876 0.388631 0.478673 -0.236691
1403638606.927830 6.011338 8.244710 2.934219 0.745134 0.402712 0.471036 -0.246420
1403638607.027829 5.888687 8.327217 2.915142 0.737099 0.417491 0.463566 -0.259796
1403638607.127830 5.774214 8.416411 2.904233 0.729620 0.427039 0.456928 -0.276602
1403638607.227829 5.668242 8.512201 2.897701 0.717006 0.433265 0.462034 -0.291046
1403638607.327830 5.565890 8.613210 2.886178 0.705279 0.435325 0.469954 -0.303673
1403638607.427830 5.470617 8.713871 2.869190 0.698794 0.435987 0.473125 -0.312658
1403638607.527829 5.378544 8.814243 2.843047 0.697948 0.436586 0.471109 -0.316729
1403638607.627830 5.288994 8.909724 2.812960 0.696693 0.437862 0.470983 -0.317915
1403638607.727829 5.206204 9.000570 2.780889 0.694295 0.438284 0.474281 -0.317677
1403638607.827830 5.126718 9.089031 2.745593 0.694832 0.437980 0.474182 -0.317069
1403638607.927830 5.052369 9.176143 2.704069 0.699062 0.434540 0.469545 -0.319399
1403638608.027829 4.983435 9.260678 2.658075 0.700732 0.430967 0.468749 -0.321740
1403638608.127830 4.921072 9.342137 2.606278 0.697954 0.430080 0.474561 -0.320443
1403638608.227829 4.864492 9.420577 2.550132 0.693758 0.430949 0.481974 -0.317308
1403638608.327830 4.806632 9.493143 2.492657 0.688728 0.429442 0.490419 -0.317367
1403638608.427830 4.751237 9.558922 2.430408 0.684819 0.428888 0.495692 -0.318383
1403638608.527829 4.694276 9.623698 2.363498 0.686694 0.429541 0.493615 -0.316686
1403638608.627830 4.640079 9.682788 2.292382 0.685711 0.427361 0.495296 -0.319131
1403638608.727829 4.579113 9.733136 2.229368 0.682684 0.425340 0.498739 -0.322936
1403638608.827830 4.519816 9.781155 2.168794 0.685411 0.426670 0.495026 -0.321112
1403638608.927830 4.464556 9.824642 2.115532 0.689329 0.428186 0.489388 -0.319346
1403638609.027829 4.410386 9.862696 2.069289 0.693093 0.428344 0.483816 -0.319477
1403638609.127830 4.356836 9.902188 2.026506 0.694713 0.428915 0.481758 -0.318300
1403638609.227829 4.307854 9.935044 1.989081 0.694800 0.423947 0.481513 -0.325066
1403638609.327830 4.262222 9.963319 1.945826 0.695199 0.420881 0.480989 -0.328949
1403638609.427830 4.221364 9.986031 1.896462 0.695082 0.422743 0.481593 -0.325909
1403638609.527829 4.183339 10.004337 1.840984 0.695064 0.424832 0.482213 -0.322295
1403638609.627830 4.146273 10.020710 1.779300 0.695188 0.425429 0.482852 -0.320276
1403638609.727829 4.110969 10.036087 1.714971 0.694053 0.427561 0.484628 -0.317203
1403638609.827830 4.078301 10.045625 1.650842 0.695058 0.426975 0.483385 -0.317689
1403638609.927830 4.050094 10.051810 1.597276 0.694576 0.426727 0.484112 -0.317969
1403638610.027829 4.022053 10.055118 1.550688 0.693477 0.424706 0.486052 -0.320106
1403638610.127830 3.996852 10.056276 1.512442 0.690592 0.422387 0.490137 -0.323167
1403638610.227829 3.974364 10.052725 1.473879 0.687804 0.421353 0.494057 -0.324490
1403638610.327830 3.952922 10.044625 1.428609 0.686904 0.420082 0.495575 -0.325729
1403638610.427830 3.930662 10.033243 1.377429 0.686742 0.418362 0.496569 -0.326770
1403638610.527829 3.908377 10.016342 1.320570 0.683817 0.418216 0.501015 -0.326303
1403638610.627830 3.888271 9.992193 1.263991 0.676674 0.414283 0.510319 -0.331747
1403638610.727829 3.865498 9.958959 1.208503 0.677399 0.414552 0.509007 -0.331948
1403638610.827830 3.842373 9.918892 1.156507 0.684729 0.417878 0.498383 -0.328845
1403638610.927830 3.822456 9.875515 1.114419 0.687711 0.420434 0.493163 -0.327230
1403638611.027829 3.803195 9.827931 1.076393 0.686875 0.418481 0.494206 -0.329903
1403638611.127830 3.784373 9.773253 1.033936 0.684251 0.417414 0.497059 -0.332412
1403638611.227829 3.767447 9.713879 0.985992 0.683668 0.418488 0.497087 -0.332220
1403638611.327830 3.751150 9.647384 0.941532 0.683012 0.420847 0.497784 -0.329535
1403638611.427830 3.733880 9.575039 0.903331 0.678442 0.427952 0.504918 -0.318797
1403638611.527829 3.715575 9.498133 0.872791 0.675603 0.434897 0.509366 -0.308174
1403638611.627830 3.694944 9.419124 0.847182 0.677486 0.437771 0.507380 -0.303208
1403638611.727829 3.667344 9.338505 0.824777 0.681631 0.436067 0.502056 -0.305228
1403638611.827830 3.636749 9.257200 0.797962 0.687518 0.430966 0.494404 -0.311692
1403638611.927830 3.604476 9.176649 0.766379 0.692285 0.427353 0.488520 -0.315371
1403638612.027829 3.572037 9.096615 0.734181 0.695120 0.425591 0.485032 -0.316899
1403638612.127830 3.544475 9.014858 0.706640 0.697038 0.423968 0.482754 -0.318335
1403638612.227829 3.519286 8.932833 0.686418 0.697652 0.424093 0.482291 -0.317524
1403638612.327830 3.493813 8.848402 0.671818 0.697319 0.424314 0.482968 -0.316932
1403638612.427830 3.471755 8.765153 0.659589 0.696455 0.424020 0.485109 -0.315952
1403638612.527829 3.451451 8.678934 0.640018 0.694374 0.423951 0.489411 -0.313985
1403638612.627830 3.432609 8.592365 0.614659 0.692672 0.425828 0.493173 -0.309285
1403638612.727829 3.413320 8.505830 0.585490 0.690912 0.427073 0.497208 -0.305014
1403638612.827830 3.391622 8.419457 0.551587 0.689970 0.425498 0.500444 -0.304054
1403638612.927830 3.367722 8.330722 0.524025 0.689488 0.423332 0.502346 -0.305033
1403638613.027829 3.341015 8.244133 0.500055 0.691943 0.422368 0.499841 -0.304925
1403638613.127830 3.311536 8.156778 0.483694 0.693424 0.421510 0.498343 -0.305199
1403638613.227829 3.286969 8.068260 0.472575 0.694956 0.421481 0.496071 -0.305458
1403638613.327830 3.256366 7.982179 0.470109 0.695525 0.422031 0.495418 -0.304459
1403638613.427830 3.227694 7.896112 0.469712 0.694711 0.422855 0.496259 -0.303804
1403638613.527829 3.193546 7.810511 0.464501 0.694630 0.419388 0.498656 -0.304868
1403638613.627830 3.158696 7.724582 0.452960 0.696155 0.413257 0.500580 -0.306607
1403638613.727829 3.125959 7.636365 0.433144 0.694991 0.406844 0.504922 -0.310675
1403638613.827830 3.087661 7.545271 0.406519 0.695490 0.399464 0.510268 -0.310401
1403638613.927830 3.055357 7.448548 0.372854 0.699536 0.390736 0.514545 -0.305315
1403638614.027829 3.017429 7.347721 0.336927 0.706676 0.379890 0.519063 -0.294732
1403638614.127830 2.981190 7.243187 0.296430 0.716050 0.366927 0.522692 -0.281835
1403638614.227829 2.941179 7.135888 0.259805 0.725981 0.353558 0.525338 -0.268268
1403638614.327830 2.900767 7.027177 0.227555 0.733863 0.342185 0.526845 -0.258434
1403638614.427830 2.854739 6.917286 0.204637 0.739728 0.332306 0.527546 -0.253121
1403638614.527829 2.812238 6.806834 0.189179 0.744097 0.324253 0.527731 -0.250360
1403638614.627830 2.763928 6.696357 0.187299 0.748657 0.314020 0.529206 -0.246667
1403638614.727829 2.722980 6.585017 0.194628 0.756217 0.299656 0.527884 -0.244295
1403638614.827830 2.683612 6.468773 0.212318 0.767013 0.282603 0.524123 -0.239002
1403638614.927830 2.649553 6.348470 0.231827 0.777358 0.264869 0.522931 -0.228260
1403638615.027829 2.624227 6.222478 0.262380 0.786446 0.244421 0.525429 -0.213741
1403638615.127830 2.606048 6.093400 0.297206 0.792807 0.223288 0.533119 -0.193350
1403638615.227829 2.592341 5.962027 0.338937 0.794811 0.202431 0.546546 -0.169072
1403638615.327830 2.580316 5.830898 0.381626 0.797896 0.178344 0.556784 -0.146792
1403638615.427830 2.570159 5.699923 0.417534 0.801344 0.152461 0.564597 -0.125832
1403638615.527829 2.558737 5.570045 0.444781 0.805282 0.126762 0.569389 -0.106056
1403638615.627830 2.546882 5.441941 0.464407 0.807721 0.105461 0.572930 -0.090643
1403638615.727829 2.534274 5.316637 0.482439 0.809504 0.090538 0.574493 -0.080405
1403638615.827830 2.521864 5.193062 0.508556 0.810673 0.079618 0.575390 -0.073464
1403638615.927830 2.505352 5.068962 0.538709 0.811641 0.066859 0.576291 -0.068246
1403638616.027829 2.487776 4.943739 0.564808 0.813245 0.054799 0.576225 -0.059950
1403638616.127830 2.469078 4.818390 0.579017 0.814031 0.042006 0.577134 -0.050065
1403638616.227829 2.450575 4.692861 0.579390 0.815313 0.025468 0.577047 -0.040396
1403638616.327830 2.430902 4.567818 0.563093 0.816120 0.006338 0.577173 -0.027920
1403638616.427830 2.408655 4.440828 0.536094 0.816651 -0.012784 0.576796 -0.014969
1403638616.527829 2.386366 4.322228 0.503156 0.817322 -0.028602 0.575445 -0.005387
1403638616.627830 2.363499 4.203005 0.466247 0.820184 -0.039805 0.570708 0.002441
1403638616.727829 2.340913 4.080549 0.426111 0.827342 -0.049617 0.559489 0.004016
1403638616.827830 2.322566 3.960173 0.381027 0.834887 -0.059268 0.547220 -0.000728
1403638616.927830 2.311804 3.837570 0.340026 0.836964 -0.062393 0.543689 -0.000976
1403638617.027829 2.307295 3.707354 0.311025 0.833747 -0.057790 0.549079 0.006181
1403638617.127830 2.309194 3.573957 0.291566 0.829937 -0.051136 0.555349 0.013264
1403638617.227829 2.311491 3.441099 0.280587 0.829753 -0.045698 0.556005 0.016741
1403638617.327830 2.320998 3.309060 0.274502 0.832987 -0.042926 0.551389 0.016118
1403638617.427830 2.331934 3.179040 0.275170 0.837113 -0.039414 0.545342 0.017052
1403638617.527829 2.351405 3.051288 0.283280 0.838811 -0.036192 0.542951 0.017074
1403638617.627830 2.380660 2.928546 0.300758 0.838382 -0.033310 0.543795 0.017159
1403638617.727829 2.417333 2.809045 0.328345 0.836700 -0.029071 0.546563 0.018918
1403638617.827830 2.458649 2.693070 0.361347 0.836596 -0.026268 0.546853 0.019207
1403638617.927830 2.506413 2.580912 0.402089 0.835424 -0.025095 0.548750 0.017616
1403638618.027829 2.557735 2.468973 0.441256 0.834997 -0.023908 0.549487 0.016511
1403638618.127830 2.612864 2.360280 0.475009 0.835177 -0.023367 0.549292 0.014551
1403638618.227829 2.670989 2.255009 0.502035 0.834939 -0.022162 0.549715 0.014082
1403638618.327830 2.732713 2.150348 0.523371 0.834298 -0.020502 0.550747 0.014302
1403638618.427830 2.801657 2.053016 0.539852 0.834229 -0.019434 0.550893 0.014185
1403638618.527829 2.872242 1.955459 0.555050 0.833672 -0.018194 0.551795 0.013501
1403638618.627830 2.946691 1.861402 0.567716 0.833305 -0.020027 0.552213 0.016198
1403638618.727829 3.025517 1.769579 0.581834 0.833031 -0.022126 0.552414 0.020225
1403638618.827830 3.107236 1.680436 0.600479 0.831736 -0.025867 0.554160 0.021295
1403638618.927830 3.192411 1.595240 0.625786 0.829006 -0.031167 0.557765 0.025985
1403638619.027829 3.279024 1.511575 0.646222 0.824363 -0.042552 0.563394 0.034665
1403638619.127830 3.365191 1.435737 0.662731 0.820556 -0.058664 0.566416 0.049179
1403638619.227829 3.451134 1.359615 0.669658 0.816677 -0.080377 0.567989 0.062989
1403638619.327830 3.534531 1.285961 0.669638 0.812836 -0.105226 0.567515 0.078440
1403638619.427830 3.617466 1.215316 0.659974 0.808032 -0.128516 0.567599 0.091650
1403638619.527829 3.699811 1.148525 0.648159 0.803888 -0.146837 0.567658 0.099837
1403638619.627830 3.781547 1.084920 0.633464 0.800867 -0.162182 0.567283 0.102463
1403638619.727829 3.861541 1.022385 0.615347 0.798181 -0.176865 0.567668 0.096840
1403638619.827830 3.938115 0.958591 0.596597 0.795352 -0.185744 0.569206 0.094438
1403638619.927830 4.011055 0.892745 0.574186 0.793791 -0.190695 0.569676 0.094870
1403638620.027829 4.076369 0.825878 0.555073 0.792553 -0.192768 0.570249 0.097551
1403638620.127830 4.137570 0.753056 0.538664 0.789849 -0.192709 0.573443 0.100817
1403638620.227829 4.192480 0.681064 0.529403 0.787624 -0.192237 0.576142 0.103699
1403638620.327830 4.240483 0.604064 0.528853 0.789467 -0.189610 0.573777 0.107563
1403638620.427830 4.283972 0.527777 0.533981 0.790649 -0.187913 0.572457 0.108887
1403638620.527829 4.324068 0.450079 0.544394 0.792083 -0.185725 0.571069 0.109505
1403638620.627830 4.363452 0.372204 0.547073 0.794288 -0.184990 0.568588 0.107673
1403638620.727829 4.398631 0.293904 0.543079 0.797532 -0.185583 0.564545 0.103874
1403638620.827830 4.430598 0.212288 0.536353 0.800721 -0.183952 0.560808 0.102477
1403638620.927830 4.460933 0.130524 0.524164 0.802597 -0.177949 0.559134 0.107432
1403638621.027829 4.489496 0.048328 0.509586 0.801819 -0.172035 0.561187 0.112070
1403638621.127830 4.516872 -0.034736 0.494507 0.800703 -0.168826 0.563640 0.112615
1403638621.227829 4.547040 -0.113327 0.488609 0.799185 -0.166444 0.566532 0.112435
1403638621.327830 4.574374 -0.193220 0.488744 0.799652 -0.163330 0.566487 0.113893
1403638621.427830 4.599659 -0.268639 0.490113 0.798546 -0.161256 0.568647 0.113847
1403638621.527829 4.623520 -0.340056 0.485327 0.796575 -0.158869 0.571883 0.114794
1403638621.627830 4.646751 -0.408525 0.474779 0.795009 -0.157144 0.574592 0.114497
1403638621.727829 4.665353 -0.473651 0.461420 0.794236 -0.156085 0.575868 0.114904
1403638621.827830 4.682144 -0.535814 0.442921 0.792052 -0.154142 0.579136 0.116167
1403638621.927830 4.691505 -0.590050 0.424218 0.788666 -0.152636 0.583797 0.117856
1403638622.027829 4.695565 -0.634873 0.400792 0.787165 -0.152787 0.585930 0.117103
1403638622.127830 4.697464 -0.678854 0.374762 0.787906 -0.154856 0.584899 0.114533
1403638622.227829 4.693354 -0.720811 0.345449 0.788256 -0.156597 0.584434 0.112096
1403638622.327830 4.684727 -0.761320 0.323338 0.788240 -0.158600 0.584348 0.109816
1403638622.427830 4.669625 -0.798637 0.310136 0.789123 -0.157935 0.582873 0.112251
1403638622.527829 4.647921 -0.833145 0.306982 0.789254 -0.156732 0.582474 0.115055
1403638622.627830 4.623622 -0.863600 0.309648 0.787726 -0.154218 0.584220 0.119967
1403638622.727829 4.594083 -0.891367 0.323380 0.779867 -0.152576 0.594443 0.123148
1403638622.827830 4.560821 -0.911748 0.343249 0.770334 -0.152101 0.606442 0.125217
1403638622.927830 4.519523 -0.928372 0.365021 0.770498 -0.153374 0.606027 0.124664
1403638623.027829 4.467423 -0.936479 0.380617 0.776661 -0.156487 0.597884 0.121840
1403638623.127830 4.404167 -0.933840 0.388285 0.782171 -0.160188 0.590456 0.117939
1403638623.227829 4.334470 -0.930739 0.391369 0.785058 -0.163245 0.586548 0.113998
1403638623.327830 4.261856 -0.928028 0.389588 0.788419 -0.165239 0.581922 0.111615
1403638623.427830 4.186272 -0.926149 0.384357 0.791139 -0.165331 0.578171 0.111727
1403638623.527829 4.108356 -0.923087 0.377077 0.791587 -0.166228 0.577547 0.110447
1403638623.627830 4.027342 -0.919136 0.375705 0.790976 -0.164914 0.578204 0.113316
1403638623.727829 3.941984 -0.914013 0.382631 0.791721 -0.164573 0.576923 0.115122
1403638623.827830 3.855689 -0.908971 0.391569 0.792516 -0.164218 0.575596 0.116787
1403638623.927830 3.768443 -0.899874 0.408245 0.794176 -0.164890 0.572783 0.118384
1403638624.027829 3.679294 -0.892811 0.421200 0.794898 -0.165937 0.571455 0.118496
1403638624.127830 3.590533 -0.881623 0.430667 0.795351 -0.168863 0.570413 0.116326
1403638624.227829 3.501406 -0.870286 0.434375 0.795263 -0.171848 0.570136 0.113888
1403638624.327830 3.413516 -0.857249 0.435004 0.794597 -0.173891 0.570628 0.112962
1403638624.427830 3.322568 -0.845945 0.427736 0.794359 -0.175254 0.570562 0.112869
1403638624.527829 3.230144 -0.835261 0.417395 0.791240 -0.177657 0.574344 0.111832
1403638624.627830 3.136082 -0.822188 0.405394 0.781657 -0.180136 0.586969 0.109679
1403638624.727829 3.038610 -0.812224 0.391324 0.784176 -0.173417 0.584800 0.114029
1403638624.827830 2.939864 -0.798813 0.385590 0.791254 -0.164169 0.577235 0.117331
1403638624.927830 2.836249 -0.785254 0.386572 0.795724 -0.158900 0.573081 0.114685
1403638625.027829 2.732983 -0.767877 0.392398 0.797253 -0.157426 0.572732 0.107622
1403638625.127830 2.629801 -0.754351 0.393928 0.798291 -0.157954 0.572625 0.099411
1403638625.227829 2.523885 -0.741384 0.390614 0.799406 -0.157086 0.571999 0.095351
1403638625.327830 2.419473 -0.729422 0.385720 0.799727 -0.155683 0.572135 0.094132
1403638625.427830 2.315121 -0.718502 0.381921 0.799602 -0.154463 0.572706 0.093729
1403638625.527829 2.209746 -0.708712 0.386180 0.799437 -0.153982 0.573067 0.093726
1403638625.627830 2.103888 -0.701743 0.397344 0.800891 -0.153753 0.571010 0.094245
1403638625.727829 1.998740 -0.693850 0.411780 0.803766 -0.154563 0.566917 0.093140
1403638625.827830 1.893753 -0.689027 0.424472 0.808080 -0.155633 0.560597 0.092285
1403638625.927830 1.790702 -0.685378 0.433028 0.809058 -0.155422 0.559053 0.093422
1403638626.027829 1.690201 -0.683733 0.436881 0.809841 -0.156456 0.557652 0.093291
1403638626.127830 1.587648 -0.682303 0.433369 0.810167 -0.158294 0.556938 0.091614
1403638626.227829 1.485503 -0.684327 0.427380 0.810059 -0.157600 0.557040 0.093134
1403638626.327830 1.390247 -0.687061 0.416552 0.808168 -0.153602 0.559797 0.099491
1403638626.427830 1.297437 -0.691535 0.404694 0.806064 -0.149374 0.562940 0.105106
1403638626.527829 1.207609 -0.695166 0.387928 0.807382 -0.147984 0.561152 0.106509
1403638626.627830 1.120043 -0.694169 0.372390 0.809491 -0.148726 0.558136 0.105309
1403638626.727829 1.035112 -0.693615 0.359686 0.812347 -0.149501 0.554079 0.103630
1403638626.827830 0.955933 -0.694049 0.353394 0.815577 -0.150559 0.549352 0.101874
1403638626.927830 0.882481 -0.694710 0.353749 0.817906 -0.150085 0.546013 0.101851
1403638627.027829 0.814181 -0.695792 0.355470 0.817981 -0.149964 0.546056 0.101199
1403638627.127830 0.749545 -0.697010 0.353769 0.817799 -0.149763 0.546513 0.100493
1403638627.227829 0.691162 -0.699631 0.348272 0.817735 -0.149555 0.546775 0.099897
1403638627.327830 0.636668 -0.699927 0.335296 0.817672 -0.147376 0.546963 0.102585
1403638627.427830 0.587816 -0.701701 0.324191 0.817540 -0.146324 0.547221 0.103767
1403638627.527829 0.544159 -0.704151 0.311085 0.817184 -0.146617 0.547729 0.103476
1403638627.627830 0.505669 -0.706702 0.297024 0.815188 -0.145065 0.550493 0.106686
1403638627.727829 0.471051 -0.708499 0.282706 0.812171 -0.144803 0.554811 0.107678
1403638627.827830 0.439335 -0.709474 0.266785 0.810886 -0.144414 0.556555 0.108881
1403638627.927830 0.410661 -0.709163 0.250138 0.812071 -0.144376 0.554693 0.109595
1403638628.027829 0.384533 -0.706397 0.234731 0.813653 -0.144411 0.552127 0.110771
1403638628.127830 0.361925 -0.702273 0.221063 0.814632 -0.144911 0.550444 0.111293
1403638628.227829 0.343381 -0.696439 0.209538 0.814783 -0.145600 0.549974 0.111614
1403638628.327830 0.328949 -0.684948 0.201144 0.815455 -0.146808 0.548723 0.111287
1403638628.427830 0.319536 -0.672378 0.194122 0.814977 -0.148960 0.549336 0.108875
1403638628.527829 0.313563 -0.662704 0.190500 0.809137 -0.155267 0.557722 0.100679
1403638628.627830 0.309814 -0.654418 0.189968 0.802383 -0.159902 0.567171 0.094505
1403638628.727829 0.304458 -0.648102 0.189167 0.801878 -0.161642 0.567801 0.092005
1403638628.827830 0.293974 -0.642823 0.186656 0.803373 -0.159639 0.565649 0.095643
1403638628.927830 0.283653 -0.640969 0.177467 0.803484 -0.157144 0.565441 0.099982
1403638629.027829 0.273351 -0.639437 0.169031 0.804545 -0.153638 0.564003 0.104891
1403638629.127830 0.265739 -0.636918 0.160627 0.805834 -0.150969 0.562215 0.108419
1403638629.227829 0.256493 -0.632964 0.154692 0.806865 -0.149484 0.560813 0.110060
1403638629.327830 0.247313 -0.627810 0.152218 0.807710 -0.148787 0.559532 0.111311
1403638629.427830 0.239504 -0.621120 0.151324 0.811806 -0.149729 0.553423 0.110791
1403638629.527829 0.234471 -0.612738 0.149932 0.816437 -0.152292 0.546417 0.108013
1403638629.627830 0.234864 -0.604192 0.148790 0.816650 -0.157774 0.545887 0.100979
1403638629.727829 0.239005 -0.598592 0.151474 0.812560 -0.165505 0.551440 0.090932
1403638629.827830 0.246054 -0.595228 0.154190 0.806515 -0.168770 0.559868 0.087170
1403638629.927830 0.251933 -0.596657 0.150959 0.800420 -0.165992 0.568542 0.092380
1403638630.027829 0.256860 -0.600608 0.138473 0.794704 -0.158647 0.576741 0.103183
1403638630.127830 0.257970 -0.604095 0.113503 0.795107 -0.154035 0.576250 0.109612
1403638630.227829 0.256907 -0.607015 0.081364 0.799184 -0.151903 0.570686 0.112021
1403638630.327830 0.254543 -0.608270 0.042023 0.805704 -0.151451 0.561099 0.114330
1403638630.427830 0.264525 -0.605579 0.038099 0.811758 -0.157883 0.553359 0.099575
1403638630.527829 0.276291 -0.605711 0.044535 0.802214 -0.150350 0.567476 0.108708
1403638630.627830 0.286321 -0.605016 0.030615 0.801376 -0.150605 0.568442 0.109492
1403638630.727829 0.291636 -0.608467 0.011198 0.827570 -0.144091 0.533306 0.099755
1403638630.827830 0.283715 -0.613259 0.004525 0.824997 -0.146063 0.535908 0.104157
1403638630.927830 0.278870 -0.615467 -0.002487 0.825811 -0.144182 0.535353 0.103173
1403638631.027829 0.272471 -0.622303 -0.003197 0.825946 -0.144347 0.535173 0.102800
1403638631.127830 0.269004 -0.631751 0.002504 0.826008 -0.144548 0.535141 0.102181
1403638631.227829 0.273159 -0.636849 0.017771 0.826267 -0.144403 0.534802 0.102063
1403638631.327830 0.283523 -0.634546 0.020733 0.826333 -0.144652 0.534602 0.102229
1403638631.427830 0.295950 -0.618693 0.018593 0.826263 -0.144753 0.534591 0.102703
1403638631.527829 0.303219 -0.613049 0.024099 0.826327 -0.144979 0.534403 0.102853
1403638631.627830 0.305397 -0.612203 0.026688 0.826403 -0.144796 0.534290 0.103086
