1.233333 -0.622557 6.154052 -1.338120 0.001547 0.095619 0.154177 0.983404
1.333333 -0.764603 6.743945 -1.535008 -0.005144 0.097595 0.169982 0.980589
1.433333 -0.920726 7.326822 -1.647130 -0.011826 0.098412 0.185793 0.977577
1.533333 -1.090769 7.902108 -1.663510 -0.018399 0.098062 0.201592 0.974375
1.633333 -1.274565 8.469233 -1.582546 -0.024763 0.096554 0.217360 0.970989
1.733333 -1.471938 9.027639 -1.412165 -0.030821 0.093910 0.233077 0.967422
1.833333 -1.682690 9.576775 -1.169044 -0.036481 0.090168 0.248722 0.963679
1.933333 -1.906619 10.116097 -0.876985 -0.041655 0.085376 0.264276 0.959757
2.033333 -2.143496 10.645077 -0.564577 -0.046260 0.079598 0.279722 0.955657
2.133333 -2.393074 11.163045 -0.262299 -0.050225 0.072907 0.295039 0.951375
2.233333 -2.655128 11.669778 0.000074 -0.053479 0.065392 0.310216 0.946905
2.333333 -2.929391 12.164635 0.196948 -0.055969 0.057147 0.325240 0.942242
2.433332 -3.215594 12.647128 0.309050 -0.057647 0.048279 0.340102 0.937378
2.533332 -3.513454 13.116782 0.325406 -0.058479 0.038899 0.354795 0.932302
2.633332 -3.822679 13.573131 0.244412 -0.058440 0.029126 0.369316 0.927007
2.733332 -4.142960 14.015727 0.073994 -0.057521 0.019083 0.383665 0.921482
2.833332 -4.473986 14.444131 -0.169168 -0.055721 0.008898 0.397845 0.915716
2.933332 -4.815428 14.857921 -0.461276 -0.053055 -0.001304 0.411861 0.909700
3.033332 -5.166948 15.256689 -0.773738 -0.049550 -0.011395 0.425720 0.903425
3.133332 -5.528005 15.639923 -1.075763 -0.045241 -0.021246 0.439428 0.896886
3.233332 -5.898616 16.007466 -1.338170 -0.040186 -0.030746 0.453004 0.890071
3.333332 -6.278235 16.358852 -1.535083 -0.034445 -0.039774 0.466456 0.882978
3.433331 -6.666473 16.693785 -1.647152 -0.028089 -0.048222 0.479796 0.875604
3.533331 -7.062981 17.011834 -1.663551 -0.021203 -0.055990 0.493037 0.867946
3.633331 -7.467350 17.312735 -1.582607 -0.013878 -0.062988 0.506189 0.860007
3.733331 -7.879181 17.596189 -1.412244 -0.006210 -0.069136 0.519264 0.851790
3.833331 -8.298069 17.861919 -1.169143 0.001695 -0.074365 0.532267 0.843302
3.933331 -8.723556 18.109787 -0.877095 0.009728 -0.078634 0.545207 0.834549
4.033331 -9.155320 18.339311 -0.564705 0.017783 -0.081870 0.558086 0.825543
4.133331 -9.592882 18.550378 -0.262548 0.025747 -0.084060 0.570905 0.816296
4.233331 -10.035718 18.742769 -0.000149 0.033507 -0.085193 0.583662 0.806820
4.333331 -10.483570 18.916317 0.196704 0.040956 -0.085252 0.596354 0.797130
4.433331 -10.935908 19.070840 0.308787 0.047989 -0.084256 0.608973 0.787242
4.533330 -11.392115 19.206108 0.325231 0.054505 -0.082232 0.621508 0.777171
4.633330 -11.852066 19.322140 0.244232 0.060408 -0.079210 0.633949 0.766933
4.733330 -12.315150 19.418748 0.073810 0.065612 -0.075243 0.646281 0.756541
4.833330 -12.780732 19.495786 -0.169254 0.070040 -0.070392 0.658489 0.746010
4.933330 -13.248700 19.553273 -0.461350 0.073622 -0.064729 0.670557 0.735353
5.033330 -13.718307 19.591069 -0.773744 0.076299 -0.058335 0.682468 0.724578
5.133330 -14.189321 19.609205 -1.075958 0.078024 -0.051302 0.694204 0.713695
5.233330 -14.661161 19.607635 -1.338356 0.078762 -0.043727 0.705751 0.702709
5.333330 -15.133373 19.586350 -1.535260 0.078491 -0.035716 0.717090 0.691625
5.433330 -15.605485 19.545376 -1.647392 0.077201 -0.027378 0.728208 0.680443
5.533329 -16.077032 19.484754 -1.663780 0.074896 -0.018827 0.739093 0.669162
5.633329 -16.547373 19.404514 -1.582777 0.071593 -0.010175 0.749733 0.657778
5.733329 -17.016382 19.304784 -1.412395 0.067321 -0.001545 0.760119 0.646285
5.833329 -17.483432 19.185637 -1.169270 0.062123 0.006953 0.770248 0.634674
5.933329 -17.947594 19.046912 -0.877124 0.056060 0.015213 0.780112 0.622938
6.033329 -18.409299 18.889301 -0.564704 0.049190 0.023112 0.789715 0.611062
6.133329 -18.867519 18.712604 -0.262506 0.041598 0.030559 0.799055 0.599038
6.233329 -19.322082 18.517156 -0.000128 0.033372 0.037454 0.808138 0.586853
6.333329 -19.772407 18.303074 0.196755 0.024611 0.043714 0.816969 0.574495
6.433329 -20.218048 18.070568 0.308871 0.015423 0.049262 0.825556 0.561955
6.533329 -20.658567 17.819872 0.325245 0.005920 0.054032 0.833906 0.549223
6.633328 -21.093350 17.551186 0.244299 -0.003776 0.057974 0.842031 0.536292
6.733328 -21.522307 17.264860 0.073906 -0.013548 0.061040 0.849940 0.523156
6.833328 -21.944853 16.961135 -0.169230 -0.023270 0.063204 0.857645 0.509813
6.933328 -22.360572 16.640313 -0.461309 -0.032818 0.064448 0.865154 0.496264
7.033328 -22.769052 16.302709 -0.773741 -0.042069 0.064771 0.872479 0.482510
7.133328 -23.169890 15.948657 -1.075944 -0.050904 0.064180 0.879626 0.468559
7.233328 -23.562690 15.578506 -1.338336 -0.059208 0.062697 0.886604 0.454418
7.333328 -23.947065 15.192621 -1.535234 -0.066873 0.060357 0.893419 0.440100
7.433328 -24.322634 14.791384 -1.647365 -0.073797 0.057203 0.900072 0.425619
7.533328 -24.689027 14.375190 -1.663752 -0.079890 0.053291 0.906567 0.410990
7.633327 -25.045882 13.944449 -1.582792 -0.085069 0.048687 0.912904 0.396232
7.733327 -25.392846 13.499587 -1.412412 -0.089264 0.043463 0.919079 0.381363
7.833327 -25.729580 13.041045 -1.169290 -0.092416 0.037702 0.925088 0.366402
7.933327 -26.055747 12.569273 -0.877226 -0.094480 0.031493 0.930925 0.351369
8.033327 -26.371031 12.084739 -0.564810 -0.095424 0.024928 0.936582 0.336283
8.133328 -26.675153 11.587910 -0.262607 -0.095229 0.018106 0.942050 0.321162
8.233330 -26.967751 11.079287 -0.000230 -0.093891 0.011130 0.947318 0.306022
8.333331 -27.248565 10.559370 0.196646 -0.091419 0.004100 0.952374 0.290876
8.433332 -27.517310 10.028671 0.308775 -0.087837 -0.002878 0.957207 0.275738
8.533334 -27.773736 9.487718 0.325129 -0.083183 -0.009703 0.961804 0.260615
8.633335 -28.017567 8.937062 0.244159 -0.077509 -0.016275 0.966152 0.245514
8.733336 -28.248594 8.377209 0.073739 -0.070879 -0.022499 0.970241 0.230438
8.833338 -28.466528 7.808794 -0.169385 -0.063369 -0.028283 0.974060 0.215385
8.933339 -28.671212 7.232327 -0.461463 -0.055067 -0.033544 0.977599 0.200355
9.033340 -28.862459 6.648329 -0.773901 -0.046073 -0.038207 0.980850 0.185340
9.133342 -29.040054 6.057401 -1.076104 -0.036492 -0.042204 0.983806 0.170332
9.233343 -29.203824 5.460125 -1.338499 -0.026439 -0.045478 0.986462 0.155322
9.333344 -29.353643 4.857024 -1.535363 -0.016038 -0.047986 0.988816 0.140297
9.433346 -29.489321 4.248756 -1.647474 -0.005413 -0.049691 0.990866 0.125245
9.533347 -29.610719 3.635936 -1.663846 0.005306 -0.050572 0.992613 0.110153
9.633348 -29.717713 3.019188 -1.582874 0.015988 -0.050619 0.994060 0.095009
9.733350 -29.810210 2.399105 -1.412482 0.026503 -0.049836 0.995211 0.079801
9.833351 -29.888100 1.776321 -1.169350 0.036722 -0.048238 0.996073 0.064519
9.933352 -29.951342 1.151398 -0.877278 0.046519 -0.045855 0.996653 0.049154
10.033354 -29.999831 0.525002 -0.564864 0.055776 -0.042724 0.996959 0.033701
10.133355 -30.033552 -0.102265 -0.262675 0.064379 -0.038898 0.997002 0.018157
10.233356 -30.052462 -0.729771 -0.000296 0.072223 -0.034438 0.996791 0.002521
10.333358 -30.056546 -1.356926 0.196578 0.079214 -0.029411 0.996336 -0.013204
10.433359 -30.045785 -1.983110 0.308671 0.085268 -0.023897 0.995649 -0.029010
10.533360 -30.020210 -2.607638 0.325029 0.090310 -0.017981 0.994739 -0.044889
10.633362 -29.979828 -3.230000 0.244025 0.094283 -0.011752 0.993616 -0.060829
10.733363 -29.924705 -3.849530 0.073603 0.097138 -0.005305 0.992288 -0.076815
10.833364 -29.854886 -4.465575 -0.169551 0.098842 0.001262 0.990763 -0.092829
10.933366 -29.770423 -5.077610 -0.461647 0.099377 0.007849 0.989047 -0.108853
11.033367 -29.671411 -5.684992 -0.774085 0.098739 0.014358 0.987144 -0.124868
11.133368 -29.557941 -6.287122 -1.076281 0.096937 0.020689 0.985056 -0.140853
11.233370 -29.430131 -6.883407 -1.338653 0.093997 0.026745 0.982785 -0.156788
11.333371 -29.288107 -7.473258 -1.535516 0.089956 0.032434 0.980330 -0.172652
11.433372 -29.132006 -8.056095 -1.647601 0.084867 0.037668 0.977688 -0.188428
11.533374 -28.961979 -8.631341 -1.663937 0.078793 0.042363 0.974854 -0.204098
11.633375 -28.778205 -9.198430 -1.582926 0.071813 0.046445 0.971823 -0.219648
11.733377 -28.580855 -9.756800 -1.412500 0.064015 0.049845 0.968588 -0.235065
11.833378 -28.370137 -10.305904 -1.169346 0.055495 0.052507 0.965139 -0.250341
11.933379 -28.146286 -10.845229 -0.877277 0.046363 0.054381 0.961468 -0.265468
12.033381 -27.909459 -11.374181 -0.564872 0.036731 0.055433 0.957564 -0.280445
12.133382 -27.659921 -11.892269 -0.262723 0.026721 0.055635 0.953418 -0.295270
12.233383 -27.397918 -12.398978 -0.000412 0.016457 0.054975 0.949020 -0.309948
12.333385 -27.123708 -12.893809 0.196380 0.006067 0.053452 0.944361 -0.324482
12.433386 -26.837561 -13.376273 0.308386 -0.004320 0.051078 0.939431 -0.338882
12.533387 -26.539760 -13.845893 0.324640 -0.014577 0.047878 0.934224 -0.353158
12.633389 -26.230600 -14.302206 0.243548 -0.024577 0.043889 0.928734 -0.367320
12.733390 -25.910383 -14.744759 0.073043 -0.034198 0.039159 0.922955 -0.381381
12.833391 -25.579469 -15.173138 -0.170183 -0.043326 0.033750 0.916886 -0.395352
12.933393 -25.238101 -15.586883 -0.462331 -0.051849 0.027731 0.910527 -0.409248
13.033394 -24.886657 -15.985605 -0.774801 -0.059669 0.021184 0.903878 -0.423078
13.133395 -24.525496 -16.368926 -1.077012 -0.066694 0.014198 0.896945 -0.436852
13.233397 -24.154949 -16.736441 -1.339425 -0.072844 0.006867 0.889733 -0.450580
13.333398 -23.775394 -17.087802 -1.536336 -0.078049 -0.000708 0.882250 -0.464266
13.433399 -23.387190 -17.422729 -1.648438 -0.082256 -0.008420 0.874506 -0.477914
13.533401 -22.990753 -17.740766 -1.664828 -0.085419 -0.016163 0.866513 -0.491525
13.633402 -22.586417 -18.041722 -1.583831 0.087510 0.023827 -0.858284 0.505096
13.733403 -22.174662 -18.325179 -1.413454 0.088512 0.031304 -0.849833 0.518623
13.833405 -21.755780 -18.590962 -1.170296 0.088424 0.038486 -0.841174 0.532096
13.933406 -21.330239 -18.838770 -0.878208 0.087258 0.045270 -0.832321 0.545507
14.033407 -20.898480 -19.068351 -0.565783 0.085038 0.051558 -0.823290 0.558842
14.133409 -20.460943 -19.279463 -0.263611 0.081802 0.057258 -0.814093 0.572086
14.233410 -20.018069 -19.471891 -0.001275 0.077601 0.062283 -0.804743 0.585225
14.333411 -19.570306 -19.645445 0.195546 0.072498 0.066557 -0.795251 0.598239
14.433413 -19.118056 -19.799973 0.307569 0.066565 0.070013 -0.785627 0.611112
14.533414 -18.661808 -19.935304 0.323858 0.059888 0.072590 -0.775878 0.623825
14.633415 -18.201934 -20.051335 0.242781 0.052557 0.074244 -0.766009 0.636362
14.733417 -17.738944 -20.147940 0.072297 0.044675 0.074938 -0.756022 0.648705
14.833418 -17.273261 -20.225019 -0.170924 0.036348 0.074652 -0.745919 0.660841
14.933419 -16.805363 -20.282504 -0.463066 0.027688 0.073373 -0.735696 0.672756
15.033421 -16.335711 -20.320335 -0.775537 0.018813 0.071106 -0.725351 0.684439
15.133422 -15.864766 -20.338478 -1.077752 0.009838 0.067866 -0.714875 0.695881
15.233423 -15.392995 -20.336914 -1.340129 0.000883 0.063684 -0.704262 0.707078
15.333425 -14.920882 -20.315622 -1.536981 -0.007934 0.058600 -0.693501 0.718025
15.433426 -14.448855 -20.274672 -1.649054 -0.016500 0.052670 -0.682582 0.728722
15.533427 -13.977231 -20.214051 -1.665375 -0.024706 0.045961 -0.671493 0.739172
15.633429 -13.506792 -20.133874 -1.584351 -0.032445 0.038550 -0.660224 0.749377
15.733430 -13.037666 -20.034164 -1.413924 -0.039624 0.030527 -0.648762 0.759346
15.833431 -12.570673 -19.915083 -1.170775 -0.046151 0.021988 -0.637099 0.769085
15.933433 -12.106100 -19.776710 -0.878710 -0.051950 0.013039 -0.625226 0.778604
16.033432 -11.644418 -19.619195 -0.566338 -0.056953 0.003792 -0.613135 0.787913
16.133430 -11.186076 -19.442670 -0.264225 -0.061105 -0.005637 -0.600823 0.797023
16.233429 -10.731522 -19.247336 -0.001961 -0.064363 -0.015128 -0.588286 0.805946
16.333427 -10.281205 -19.033370 0.194790 -0.066697 -0.024558 -0.575524 0.814690
16.433426 -9.835605 -18.800970 0.306789 -0.068086 -0.033806 -0.562542 0.823267
16.533424 -9.395089 -18.550391 0.323015 -0.068528 -0.042750 -0.549345 0.831683
16.633423 -8.960186 -18.281869 0.241931 -0.068029 -0.051275 -0.535941 0.839946
16.733421 -8.531212 -17.995664 0.071411 -0.066612 -0.059268 -0.522343 0.848061
16.833420 -8.108724 -17.692069 -0.171793 -0.064308 -0.066622 -0.508564 0.856031
16.933418 -7.693211 -17.371391 -0.463913 -0.061160 -0.073239 -0.494620 0.863855
17.033417 -7.284880 -17.033904 -0.776371 -0.057225 -0.079029 -0.480528 0.871534
17.133415 -6.884113 -16.679980 -1.078566 -0.052568 -0.083913 -0.466306 0.879064
17.233414 -6.491350 -16.309959 -1.340920 -0.047263 -0.087822 -0.451973 0.886439
17.333412 -6.106977 -15.924198 -1.537758 -0.041391 -0.090701 -0.437548 0.893651
17.433411 -5.731397 -15.523114 -1.649844 -0.035042 -0.092504 -0.423050 0.900691
17.533409 -5.364908 -15.107002 -1.666165 -0.028311 -0.093202 -0.408495 0.907548
17.633408 -5.008024 -14.676429 -1.585162 -0.021296 -0.092777 -0.393900 0.914211
17.733406 -4.661025 -14.231742 -1.414750 -0.014101 -0.091226 -0.379278 0.920667
17.833405 -4.324175 -13.773262 -1.171600 -0.006831 -0.088561 -0.364640 0.926902
17.933403 -3.997955 -13.301668 -0.879552 0.000410 -0.084806 -0.349995 0.932905
18.033401 -3.682581 -12.817209 -0.567147 0.007515 -0.080002 -0.335348 0.938661
18.133400 -3.378434 -12.320493 -0.264981 0.014385 -0.074199 -0.320702 0.944160
18.233398 -3.085798 -11.811991 -0.002630 0.020921 -0.067462 -0.306056 0.949390
18.333397 -2.804968 -11.292213 0.194210 0.027028 -0.059868 -0.291408 0.954341
18.433395 -2.536213 -10.761668 0.306272 0.032623 -0.051507 -0.276752 0.959005
18.533394 -2.279775 -10.220874 0.322588 0.037625 -0.042475 -0.262078 0.963377
18.633392 -2.035906 -9.670360 0.241556 0.041967 -0.032881 -0.247377 0.967451
18.733391 -1.804829 -9.110658 0.071103 0.045588 -0.022840 -0.232638 0.971226
18.833389 -1.586789 -8.542330 -0.172083 0.048440 -0.012473 -0.217848 0.974700
18.933388 -1.382029 -7.965926 -0.464182 0.050487 -0.001907 -0.202994 0.977876
19.033386 -1.190711 -7.382036 -0.776609 0.051704 0.008731 -0.188063 0.980756
19.133385 -1.013064 -6.791210 -1.078776 0.052081 0.019308 -0.173045 0.983346
19.233383 -0.849224 -6.194067 -1.341127 0.051619 0.029696 -0.157929 0.985653
19.333382 -0.699395 -5.591142 -1.537962 0.050330 0.039766 -0.142707 0.987684
19.433380 -0.563677 -4.983106 -1.650041 0.048240 0.049395 -0.127373 0.989449
19.533379 -0.442262 -4.370456 -1.666355 0.045387 0.058463 -0.111925 0.990956
19.633377 -0.335206 -3.753927 -1.585345 0.041820 0.066861 -0.096362 0.992217
19.733376 -0.242695 -3.133948 -1.414900 0.037597 0.074483 -0.080689 0.993241
19.833374 -0.164775 -2.511238 -1.171717 0.032786 0.081236 -0.064911 0.994038
19.933372 -0.101525 -1.886348 -0.879604 0.027462 0.087038 -0.049037 0.994618
