1.25 0.0371268 0.200742 -2.23668
1.35 0.042551 0.209523 -2.24481
1.45 0.0500416 0.210518 -2.23847
1.55 0.0393148 0.209684 -2.23675
1.65 0.0311874 0.195686 -2.2302
1.75 0.0263047 0.183722 -2.22949
1.85 0.00376514 0.149926 -2.22507
1.95 0.00645957 0.132678 -2.22721
2.05 -0.00383196 0.102396 -2.23725
2.15 -0.00063479 0.092118 -2.23436
2.25 -0.000353964 0.0965563 -2.24455
2.35001 0.00762181 0.101895 -2.24506
2.45001 0.0132505 0.117598 -2.24423
2.55001 0.0205264 0.117181 -2.24477
2.65001 0.0416203 0.158649 -2.24996
2.75001 0.0496497 0.176992 -2.24523
2.85002 0.0770033 0.214554 -2.24806
2.95002 0.0912513 0.231165 -2.24873
3.05002 0.0885225 0.233543 -2.24617
3.15002 0.0896229 0.230201 -2.24801
3.25003 0.0701274 0.202688 -2.24084
3.35003 0.0369681 0.129881 -2.23644
3.45003 0.0366956 0.0916834 -2.23506
3.55003 0.0646776 0.0750114 -2.24127
3.65004 0.0618664 0.0475721 -2.24129
3.75004 0.0551438 0.0284048 -2.23979
3.85004 0.0289525 -0.0229468 -2.23623
3.95004 0.0275192 -0.0257995 -2.23982
4.05004 0.0427982 0.00227731 -2.24494
4.15005 0.0498207 0.0264034 -2.24889
4.25005 0.0539761 0.0544845 -2.25256
4.35005 0.0582874 0.0712698 -2.25198
4.45005 0.0674696 0.114398 -2.25224
4.55006 0.0641603 0.124099 -2.24883
4.65006 0.0675327 0.133255 -2.25078
4.75006 0.0719669 0.147336 -2.2475
4.85006 0.0674759 0.15015 -2.24548
4.95007 0.0631794 0.166668 -2.23924
5.05007 0.0573053 0.166522 -2.23656
5.15007 0.0601095 0.158315 -2.23216
5.25007 0.0470094 0.135066 -2.22212
5.35008 0.0444539 0.107174 -2.22852
5.45008 0.0365729 0.0892204 -2.22359
5.55008 0.0323683 0.0714509 -2.22343
5.65008 0.0421666 0.0472608 -2.22329
5.75008 0.0456047 0.0220356 -2.22056
5.85009 0.0570336 -0.00387817 -2.21244
5.95009 0.0735652 -0.014389 -2.2048
6.05009 0.076042 -0.0128176 -2.20497
6.15009 0.082334 -0.0104296 -2.19902
6.25009 0.0882342 -0.0102076 -2.19451
6.3501 0.0937112 -0.01373 -2.19158
6.4501 0.0912569 -0.0167198 -2.18962
6.5501 0.0933144 -0.0150281 -2.19392
6.6501 0.099938 -0.00680318 -2.19044
6.75011 0.0967726 -0.00341411 -2.1887
6.85011 0.0890156 -0.00361673 -2.18433
6.95011 0.0883708 -0.00740372 -2.18256
7.05011 0.093503 -0.00420917 -2.18084
7.15012 0.0935804 -0.00908425 -2.18529
7.25012 0.0964629 -0.00230442 -2.17884
7.35012 0.086975 -0.00898775 -2.18059
7.45012 0.0744836 -0.0196081 -2.17982
7.55013 0.071326 -0.024256 -2.1802
7.65013 0.0571409 -0.0299024 -2.17677
7.75013 0.0582738 -0.0364412 -2.17658
7.85013 0.0564533 -0.0345339 -2.17549
7.95013 0.0548292 -0.0327508 -2.17043
8.05014 0.0541973 -0.0284788 -2.17414
8.15014 0.0559006 -0.0249372 -2.17658
8.25014 0.0549019 -0.0204142 -2.17433
8.35014 0.0530345 -0.0153893 -2.17669
8.45015 0.0510002 -0.0140635 -2.17826
8.55015 0.0517324 -0.0160542 -2.17784
8.65015 0.0533178 -0.0113206 -2.17713
8.75015 0.0535882 -0.0134837 -2.17843
8.85016 0.0526175 -0.00754672 -2.1738
8.95016 0.0578112 -0.0040801 -2.16887
9.05016 0.0625664 -0.00812745 -2.17221
9.15016 0.0647867 -0.00754884 -2.17721
9.25016 0.0643015 -0.00776476 -2.18078
9.35017 0.0690239 -0.00669569 -2.18261
9.45017 0.0759479 -0.007754 -2.18473
9.55017 0.0744943 -0.00905851 -2.18691
9.65017 0.076316 -0.00859329 -2.19177
9.75018 0.0804901 -0.00781993 -2.19043
9.85018 0.078441 -0.0116646 -2.18811
9.95018 0.0776006 -0.0139152 -2.1899
10.0502 0.0722036 -0.0192051 -2.19109
10.1502 0.0739182 -0.0203811 -2.19071
10.2502 0.0689454 -0.0205215 -2.19493
10.3502 0.0674508 -0.0254172 -2.19749
10.4502 0.0648884 -0.0248949 -2.19913
10.5502 0.0659528 -0.0244033 -2.20177
10.6502 0.0632844 -0.0250193 -2.20387
10.7502 0.0681827 -0.0269402 -2.20353
10.8502 0.0651564 -0.0263978 -2.20327
10.9502 0.064321 -0.030115 -2.20523
11.0502 0.0655051 -0.0290615 -2.20112
11.1502 0.0661457 -0.0316419 -2.2015
11.2502 0.0678583 -0.0341809 -2.19824
11.3502 0.0685124 -0.0331844 -2.20316
11.4502 0.0656323 -0.0337969 -2.20082
11.5502 0.0678166 -0.0395839 -2.20176
11.6502 0.0652092 -0.0419785 -2.19965
11.7502 0.0658833 -0.0455967 -2.19653
11.8502 0.0621397 -0.0466507 -2.19686
11.9502 0.0604141 -0.0436749 -2.19431
12.0502 0.0663505 -0.0461728 -2.19663
12.1502 0.0671196 -0.0473034 -2.19879
12.2502 0.0690498 -0.0452188 -2.19824
12.3502 0.0646008 -0.0435253 -2.19945
12.4502 0.0611535 -0.0421258 -2.19455
12.5502 0.0660989 -0.0452743 -2.19634
12.6502 0.0638821 -0.0440366 -2.19578
12.7502 0.0617422 -0.0418581 -2.18707
12.8502 0.0579092 -0.0423562 -2.18109
12.9502 0.058002 -0.049366 -2.17968
13.0503 0.0560093 -0.0511343 -2.17502
13.1503 0.0541705 -0.0496246 -2.17469
13.2503 0.0544089 -0.0487129 -2.16763
13.3503 0.0555757 -0.0471039 -2.16113
13.4503 0.0569974 -0.0462288 -2.16275
13.5503 0.0579554 -0.0449417 -2.1628
13.6503 0.0655982 -0.0483553 -2.15969
13.7503 0.0617091 -0.0474381 -2.16411
13.8503 0.0624601 -0.0468084 -2.1673
13.9503 0.062513 -0.0467456 -2.1676
14.0503 0.0667819 -0.0408398 -2.17021
14.1503 0.0659999 -0.0439312 -2.1647
14.2503 0.0681139 -0.0509797 -2.16498
14.3503 0.0812682 -0.0440124 -2.16549
14.4503 0.0814105 -0.0421882 -2.17164
14.5503 0.0935533 -0.0355345 -2.17343
14.6503 0.0911635 -0.0330071 -2.17966
14.7503 0.0968107 -0.0265722 -2.17875
14.8503 0.095774 -0.0213955 -2.18381
14.9503 0.105418 -0.010625 -2.18314
15.0503 0.10117 -0.0132075 -2.18658
15.1503 0.104661 -0.00666331 -2.18688
15.2503 0.102259 0.000296882 -2.19053
15.3503 0.100098 0.00923431 -2.19163
15.4503 0.10322 0.00887134 -2.19753
15.5503 0.101752 0.00939293 -2.19801
15.6503 0.100972 0.0124491 -2.20421
15.7503 0.101799 0.00922814 -2.20609
15.8503 0.103419 0.0102085 -2.20805
15.9503 0.10544 0.0201951 -2.21114
16.0503 0.1044 0.0155547 -2.21175
16.1503 0.0977419 0.0132628 -2.21082
16.2503 0.101209 0.0116134 -2.21315
16.3503 0.0964361 0.0153399 -2.21093
16.4502 0.0935473 0.0198524 -2.21272
16.5502 0.0954194 0.0110358 -2.21288
16.6502 0.0943135 0.0151879 -2.21426
16.7502 0.0914835 0.0142345 -2.21496
16.8502 0.0834247 0.0176641 -2.2165
16.9502 0.0835734 0.0133047 -2.21673
17.0501 0.0766595 0.0208782 -2.21826
17.1501 0.0747158 0.0192888 -2.2145
17.2501 0.0641466 0.0230989 -2.21202
17.3501 0.068423 0.0200418 -2.20683
17.4501 0.0648534 0.0233389 -2.20945
17.5501 0.0491701 0.0318127 -2.20424
17.65 0.054495 0.035809 -2.20581
17.75 0.0500251 0.0370832 -2.20881
17.85 0.0418986 0.0449159 -2.20792
17.95 0.0373658 0.0470244 -2.20537
18.05 0.0280918 0.0513311 -2.20305
18.15 0.0287149 0.055836 -2.20469
18.2499 0.0280884 0.0535507 -2.2025
18.3499 0.0289169 0.0502406 -2.20057
18.4499 0.0244851 0.0550372 -2.19735
18.5499 0.0195475 0.057348 -2.19485
18.6499 0.021356 0.0602732 -2.19439
18.7499 0.0201071 0.0633069 -2.19513
18.8498 0.0258421 0.0619079 -2.19518
18.9498 0.032835 0.058151 -2.19057
19.0498 0.0446318 0.0564729 -2.18696
19.1498 0.0430079 0.0538142 -2.18083
19.2498 0.0462983 0.0478686 -2.17961
19.3498 0.0522294 0.043549 -2.17375
19.4497 0.0575562 0.0465755 -2.17303
19.5497 0.0650249 0.0465391 -2.16914
19.6497 0.0646249 0.0374033 -2.17112
19.7497 0.0674532 0.0365995 -2.17133
19.8497 0.0621031 0.036965 -2.17338
19.9497 0.0672273 0.0362879 -2.17174
20.0496 0.0679993 0.0377097 357.831
20.1496 0.080777 0.0371718 357.837
20.2496 0.0784482 0.0372613 -2.16382
20.3496 0.0814901 0.0405905 -2.16192
20.4496 0.0812187 0.0391923 -2.16315
20.5496 0.0910107 0.0424844 -2.15975
20.6495 0.0860313 0.0449417 -2.15678
20.7495 0.0845224 0.0419587 -2.15725
20.8495 0.0874737 0.0474037 -2.15594
20.9495 0.0855093 0.0431394 -2.15969
21.0495 0.089039 0.0464638 -2.16274
21.1495 0.0896132 0.0490098 -2.16072
21.2494 0.0892331 0.0493486 -2.15824
21.3494 0.0889641 0.0500978 -2.16178
21.4494 0.0944739 0.0458977 -2.16282
21.5494 0.0881069 0.0485671 -2.16297
21.6494 0.0905777 0.0508753 -2.16408
21.7494 0.0934524 0.05297 -2.16861
21.8493 0.0928492 0.058484 -2.17285
21.9493 0.0971452 0.0609221 -2.17022
22.0493 0.0995931 0.0585858 -2.17352
22.1493 0.10092 0.0567744 -2.17658
22.2493 0.101469 0.0592773 -2.17888
22.3493 0.108756 0.0648484 -2.18269
22.4492 0.107783 0.0626149 -2.17952
22.5492 0.114412 0.0655119 -2.17907
22.6492 0.111754 0.0686851 -2.18299
22.7492 0.111192 0.0723597 -2.18501
22.8492 0.111998 0.0712056 -2.18085
22.9492 0.115253 0.0772687 -2.18237
23.0491 0.111351 0.0755918 -2.18316
23.1491 0.11309 0.08013 -2.1842
23.2491 0.111966 0.0802876 -2.18832
23.3491 0.115122 0.081268 -2.19199
23.4491 0.116072 0.082827 -2.19686
23.5491 0.107227 0.0728256 -2.19612
23.649 0.10218 0.0724864 -2.19357
23.749 0.100474 0.0729182 -2.19054
23.849 0.0937808 0.0739399 -2.18599
23.949 0.0857661 0.0621223 -2.18454
24.049 0.0794732 0.060237 -2.1827
24.149 0.0780816 0.0591727 -2.178
24.2489 0.0617574 0.0419245 -2.18492
24.3489 0.0646516 0.0402055 -2.18665
24.4489 0.0573356 0.03171 -2.1886
24.5489 0.0565663 0.0316999 -2.1883
24.6489 0.0528961 0.0223032 -2.19039
24.7489 0.05416 0.0261919 -2.19609
24.8488 0.0518834 0.0172176 -2.19358
24.9488 0.0523525 0.0183495 -2.19371
25.0488 0.0425195 0.00959594 -2.19396
25.1488 0.0372703 0.00410782 -2.19356
25.2488 0.0383204 0.00106548 -2.19306
25.3487 0.0334397 -0.00202793 -2.19087
25.4487 0.027333 -0.00748952 -2.19139
25.5487 0.0240875 -0.00635368 -2.19433
25.6487 0.0173958 -0.00546791 -2.20079
25.7487 0.0144992 -0.00330327 -2.20265
25.8487 0.0074977 0.00107192 -2.20567
25.9486 0.00747426 0.00176723 -2.20411
26.0486 0.0051346 0.00368197 -2.20107
26.1486 0.00562438 0.00422688 -2.2039
26.2486 0.00309612 0.00517172 -2.20384
26.3486 0.000950183 0.00580442 -2.20312
26.4486 0.00188482 0.0111031 -2.21075
26.5485 0.00415077 0.011463 -2.20961
26.6485 0.00989744 0.0101524 -2.2127
26.7485 0.00744744 0.0062236 -2.212
26.8485 0.0125132 0.00216974 -2.20895
26.9485 0.0172717 0.00121002 -2.20366
27.0485 0.016011 -0.000535518 -2.20281
27.1484 0.0181638 -0.00487219 -2.20088
27.2484 0.019003 -0.00794051 -2.20676
27.3484 0.0164789 -0.00941555 -2.21045
27.4484 0.0160912 -0.016223 -2.20859
27.5484 0.0120539 -0.0172287 -2.20636
27.6484 0.013943 -0.0122205 -2.20622
27.7483 0.014359 -0.0127599 -2.20724
27.8483 0.0213873 -0.0189651 -2.20704
27.9483 0.018798 -0.0205355 -2.20984
28.0483 0.0160933 -0.0198309 -2.20997
28.1483 0.0206438 -0.0238398 -2.21042
28.2483 0.0238921 -0.031618 -2.21164
28.3482 0.0233411 -0.0319204 -2.20985
28.4482 0.0265331 -0.0347397 -2.21236
28.5482 0.0254405 -0.0385529 -2.21356
28.6482 0.0275936 -0.0358008 -2.21184
28.7482 0.0301425 -0.0354162 -2.2117
28.8482 0.030493 -0.0379589 -2.21245
28.9481 0.0307039 -0.0413289 -2.21744
29.0481 0.0330126 -0.0336459 -2.22295
29.1481 0.0348865 -0.0272632 -2.22151
29.2481 0.0416347 -0.0227273 -2.224
29.3481 0.0425498 -0.020292 -2.22632
29.4481 0.0415635 -0.0145375 -2.22576
29.548 0.0401826 -0.00870884 -2.21976
29.648 0.0387972 -0.00413237 -2.21403
29.748 0.0429371 -0.00100865 -2.22006
29.848 0.0382689 -0.00736865 -2.22335
29.948 0.0406429 -0.00874863 -2.22609
30.048 0.0367808 -0.00687789 -2.22858
30.1479 0.0322239 -0.00275185 -2.2274
30.2479 0.0285146 0.000716141 -2.22338
30.3479 0.0271889 0.0047238 -2.22216
30.4479 0.0268557 0.00523925 -2.23323
30.5479 0.0217024 0.000989137 -2.23254
30.6479 0.0228353 0.0031633 -2.22809
30.7478 0.02216 0.00188193 -2.22717
30.8478 0.0220815 0.0101565 -2.22585
30.9478 0.0252592 0.0139673 -2.23065
31.0478 0.0266214 0.0161711 -2.22654
31.1478 0.0268315 0.0187658 -2.22411
31.2478 0.0242131 0.0185522 -2.22418
31.3477 0.0278534 0.0184326 -2.22987
31.4477 0.0278439 0.0205525 -2.23327
31.5477 0.0308946 0.0244946 -2.22713
31.6477 0.0338179 0.0257806 -2.22917
31.7477 0.0272954 0.0302018 -2.22832
31.8477 0.0234472 0.0313464 -2.22775
31.9476 0.0237251 0.0251282 -2.22945
32.0476 0.0183235 0.0280888 -2.22557
32.1477 0.0170723 0.0271143 -2.22069
32.2477 0.0161979 0.0169322 -2.22196
32.3477 0.019071 0.00934005 -2.22076
32.4477 0.01998 0.0126125 -2.22557
32.5477 0.0181135 0.0181742 -2.23072
32.6478 0.0188205 0.00931143 -2.2292
32.7478 0.0182408 0.0110079 -2.22661
32.8478 0.0266087 0.00243411 -2.22649
32.9478 0.023829 0.000201748 -2.23076
33.0479 0.0258259 -0.00218315 -2.23017
33.1479 0.0266075 -0.00243884 -2.22923
33.2479 0.0310702 -0.00936685 -2.23118
33.3479 0.0342702 -0.015371 -2.23188
33.4479 0.0386925 -0.0239169 -2.23127
33.548 0.0360975 -0.0216752 -2.23222
33.648 0.0372509 -0.0240418 -2.23366
33.748 0.0327896 -0.0251638 -2.23405
33.848 0.0385307 -0.0255169 -2.23654
33.948 0.0337916 -0.0271253 -2.24165
34.0481 0.035001 -0.0327679 -2.23719
34.1481 0.0334359 -0.0345326 -2.23896
34.2481 0.0394402 -0.0366205 -2.24586
34.3481 0.0385675 -0.0362357 -2.24332
34.4482 0.0414133 -0.0395015 -2.24585
34.5482 0.0456388 -0.0384052 -2.24773
34.6482 0.0447645 -0.0442399 -2.25016
34.7482 0.0468743 -0.0474518 -2.25237
34.8482 0.0455101 -0.0438446 -2.25513
34.9483 0.0527836 -0.0441562 -2.25747
35.0483 0.0565994 -0.0494113 -2.25876
35.1483 0.06016 -0.0486675 -2.2603
35.2483 0.0664544 -0.0483365 -2.26074
35.3483 0.0684206 -0.0482166 -2.26113
35.4484 0.070296 -0.0440743 -2.26267
35.5484 0.0721952 -0.0445114 -2.26732
35.6484 0.0685408 -0.0409122 -2.26912
35.7484 0.0693514 -0.0432085 -2.26911
35.8485 0.0726388 -0.0398688 -2.26361
35.9485 0.078714 -0.0393028 -2.26226
36.0485 0.0879425 -0.0338043 -2.25775
36.1485 0.0866418 -0.0348192 -2.25565
36.2485 0.0830289 -0.0331719 -2.25811
36.3486 0.085613 -0.031884 -2.26001
36.4486 0.0840093 -0.0314545 -2.25913
36.5486 0.0752689 -0.0385733 -2.25506
36.6486 0.0755568 -0.0341066 -2.25442
36.7486 0.074748 -0.0340941 -2.2541
36.8487 0.0764087 -0.0337622 -2.25703
36.9487 0.0770663 -0.0317725 -2.25973
37.0487 0.0788008 -0.0274217 -2.2624
37.1487 0.0750863 -0.0261835 -2.25614
37.2488 0.0727858 -0.026554 -2.25136
37.3488 0.0718722 -0.0274839 -2.24823
37.4488 0.0682615 -0.0280102 -2.24882
37.5488 0.0667295 -0.0283744 -2.24938
37.6488 0.0674578 -0.0276223 -2.24865
37.7489 0.0597428 -0.0245614 -2.25025
37.8489 0.0516304 -0.0235756 -2.25588
37.9489 0.0495985 -0.0194929 -2.25315
38.0489 0.0480435 -0.020414 -2.25194
38.1489 0.0470999 -0.0215736 -2.24418
38.249 0.0432274 -0.0235965 -2.24826
38.349 0.0421546 -0.0273007 -2.24998
38.449 0.0414299 -0.0270171 -2.25205
38.549 0.0390218 -0.023544 -2.24979
38.6491 0.0403014 -0.0210591 -2.25273
38.7491 0.0382045 -0.0191242 -2.25039
38.8491 0.037131 -0.0218159 -2.24792
38.9491 0.0365688 -0.0191578 -2.24829
39.0491 0.0393423 -0.0214964 -2.24455
39.1492 0.0336083 -0.0185151 -2.24494
39.2492 0.0351395 -0.0209606 -2.24574
39.3492 0.0342846 -0.0245506 -2.2443
39.4492 0.0321967 -0.0208108 -2.24773
39.5492 0.0298868 -0.0169355 -2.24951
39.6493 0.0278546 -0.0212306 -2.2539
39.7493 0.027242 -0.0215037 -2.25552
39.8493 0.0300098 -0.0231107 -2.2584
39.9493 0.0266962 -0.0197323 -2.25882
