1.40364e+09 -163.316 -68.8004 38.485
1.40364e+09 -166.78 -68.7988 42.1751
1.40364e+09 -164.168 -69.938 39.4136
1.40364e+09 -155.961 -70.3283 31.5118
1.40364e+09 -153.779 -70.3766 29.7783
1.40364e+09 -150.505 -71.9234 25.7963
1.40364e+09 -148.526 -72.9937 23.2714
1.40364e+09 -155.077 -72.3472 29.9239
1.40364e+09 -163.061 -71.0598 38.1353
1.40364e+09 -164.319 -70.6762 39.2906
1.40364e+09 -166.209 -70.8992 40.7821
1.40364e+09 -167.682 -70.268 42.1907
1.40364e+09 -169.44 -70.1258 43.9876
1.40364e+09 -172.265 -70.1927 46.5906
1.40364e+09 -175.57 -69.981 49.4439
1.40364e+09 -178.575 -69.6331 52.4381
1.40364e+09 176.375 -68.3035 58.0754
1.40364e+09 175.223 -68.0687 59.7489
1.40364e+09 179.483 -69.8867 55.8784
1.40364e+09 -175.948 -70.8017 51.9139
1.40364e+09 -167.497 -72.1602 44.1561
1.40364e+09 -156.331 -73.9961 33.317
1.40364e+09 -153.469 -73.5943 30.7124
1.40364e+09 -153.872 -72.4947 31.1949
1.40364e+09 -148.514 -73.2223 25.6215
1.40364e+09 -144.447 -73.9314 22.0388
1.40364e+09 -151.751 -74.1467 29.7594
1.40364e+09 -156.642 -73.8881 33.8734
1.40364e+09 -159.389 -73.8538 34.548
1.40364e+09 -164.249 -73.0523 37.3873
1.40364e+09 -167.524 -72.5695 37.9322
1.40364e+09 -165.364 -71.8837 33.3171
1.40364e+09 -163.037 -70.7119 29.4318
1.40364e+09 -164.675 -70.2267 28.7905
1.40364e+09 -168.054 -69.8416 30.202
1.40364e+09 -168.799 -69.9513 29.8977
1.40364e+09 -170.918 -69.6185 32.2005
1.40364e+09 -172.956 -69.5777 34.5219
1.40364e+09 -169.227 -71.0444 30.4826
1.40364e+09 -166.144 -70.4311 27.7269
1.40364e+09 -163.81 -69.8871 25.6649
1.40364e+09 -160.017 -69.6821 22.2728
1.40364e+09 -159.773 -68.9504 22.4882
1.40364e+09 -161.528 -67.8196 24.8566
1.40364e+09 -163.155 -67.6803 26.5637
1.40364e+09 -162.247 -68.4065 25.5964
1.40364e+09 -164.967 -68.0713 28.6251
1.40364e+09 -167.154 -67.5339 31.2572
1.40364e+09 -168.443 -67.3449 32.5314
1.40364e+09 -168.572 -67.8653 32.1829
1.40364e+09 -171.306 -67.5972 34.1659
1.40364e+09 -173.7 -66.7627 35.8599
1.40364e+09 -173.037 -67.4298 33.9522
1.40364e+09 -169.996 -67.6433 30.0472
1.40364e+09 -173.796 -66.8828 33.3287
1.40364e+09 -177.696 -65.9892 36.5875
1.40364e+09 -178.502 -67.3742 36.1615
1.40364e+09 -174.707 -69.0753 31.4528
1.40364e+09 -175.235 -69.4643 31.0231
1.40364e+09 -177.813 -69.1254 32.7122
1.40364e+09 -179.21 -68.5989 33.4085
1.40364e+09 -176.033 -68.1594 29.788
1.40364e+09 -172.169 -68.2254 26.8647
1.40364e+09 -168.446 -68.1875 24.8662
1.40364e+09 -160.67 -68.8384 18.9923
1.40364e+09 -153.197 -69.688 12.7859
1.40364e+09 -152.47 -69.6466 13.0685
1.40364e+09 -157.13 -69.1097 18.5652
1.40364e+09 -161.957 -68.2805 24.2273
1.40364e+09 -164.582 -67.6192 27.2306
1.40364e+09 -169.444 -66.5829 31.9151
1.40364e+09 -175.35 -65.294 37.4856
1.40364e+09 -177.28 -65.2018 38.7169
1.40364e+09 -177.056 -65.2766 37.8153
1.40364e+09 -179.307 -64.1503 39.7904
1.40364e+09 178.127 -62.3711 42.4683
1.40364e+09 177.299 -62.335 43.4241
1.40364e+09 179.202 -63.9626 41.1125
1.40364e+09 -179.817 -64.7341 40.0451
1.40364e+09 -179.642 -65.6912 39.7635
1.40364e+09 -179.972 -65.7624 40.1015
1.40364e+09 -179.878 -65.7762 40.0182
1.40364e+09 -179.61 -65.7766 39.7527
1.40364e+09 -179.708 -65.7649 39.8779
1.40364e+09 -179.245 -65.7813 39.4258
1.40364e+09 -179.371 -65.7676 39.5572
1.40364e+09 -179.482 -65.7552 39.6674
1.40364e+09 -179.566 -65.7666 39.7424
1.40364e+09 -179.58 -65.7708 39.7495
1.40364e+09 -179.507 -65.763 39.678
1.40364e+09 -179.445 -65.7602 39.6173
1.40364e+09 -179.424 -65.7612 39.595
1.40364e+09 -179.417 -65.7593 39.5828
1.40364e+09 -179.391 -65.753 39.5583
1.40364e+09 -179.417 -65.7533 39.5723
1.40364e+09 -179.41 -65.7447 39.5642
1.40364e+09 -179.407 -65.7359 39.5561
1.40364e+09 -179.389 -65.7336 39.535
1.40364e+09 -179.38 -65.7335 39.5218
1.40364e+09 -179.366 -65.7314 39.5019
1.40364e+09 -179.354 -65.7282 39.4843
1.40364e+09 -179.349 -65.7298 39.4759
1.40364e+09 -179.351 -65.7308 39.4765
1.40364e+09 -179.335 -65.7308 39.4573
1.40364e+09 -179.325 -65.7267 39.4418
1.40364e+09 -179.324 -65.7212 39.4359
1.40364e+09 -179.32 -65.724 39.4235
1.40364e+09 -179.3 -65.7253 39.4046
1.40364e+09 -179.301 -65.7223 39.4027
1.40364e+09 -179.291 -65.7255 39.389
1.40364e+09 -179.271 -65.721 39.371
1.40364e+09 -179.279 -65.7216 39.3721
1.40364e+09 -179.272 -65.7169 39.3623
1.40364e+09 -179.269 -65.7125 39.356
1.40364e+09 -179.26 -65.7095 39.3466
1.40364e+09 -179.25 -65.7081 39.3382
1.40364e+09 -179.254 -65.7051 39.3453
1.40364e+09 -179.235 -65.7085 39.2913
1.40364e+09 -179.267 -65.7013 39.2612
1.40364e+09 -179.291 -65.6936 39.2697
1.40364e+09 -179.226 -65.6821 39.2274
1.40364e+09 -179.169 -65.6878 39.2689
1.40364e+09 -179.198 -65.6764 39.2829
1.40364e+09 -179.242 -65.6705 39.2662
1.40364e+09 -179.243 -65.669 39.2809
1.40364e+09 -179.253 -65.6731 39.3325
1.40364e+09 -179.242 -65.6634 39.3156
1.40364e+09 -179.201 -65.6532 39.2772
1.40364e+09 -179.177 -65.6607 39.2574
1.40364e+09 -179.183 -65.6608 39.2585
1.40364e+09 -179.192 -65.6612 39.2558
1.40364e+09 -179.193 -65.6536 39.2265
1.40364e+09 -179.162 -65.6515 39.2068
1.40364e+09 -179.153 -65.6482 39.2079
1.40364e+09 -179.128 -65.6439 39.1783
1.40364e+09 -179.128 -65.644 39.1706
1.40364e+09 -179.107 -65.6312 39.1519
1.40364e+09 -179.121 -65.6331 39.1567
1.40364e+09 -179.117 -65.6337 39.1603
1.40364e+09 -179.098 -65.6333 39.1424
1.40364e+09 -179.092 -65.6273 39.1279
1.40364e+09 -179.071 -65.6184 39.102
1.40364e+09 -179.058 -65.6287 39.0995
1.40364e+09 -179.029 -65.6257 39.0668
1.40364e+09 -179.029 -65.6175 39.0607
1.40364e+09 -179.036 -65.6215 39.0645
1.40364e+09 -179.009 -65.6149 39.0365
1.40364e+09 -179.017 -65.6107 39.037
1.40364e+09 -179.008 -65.603 39.0248
1.40364e+09 -179.016 -65.6021 39.0188
1.40364e+09 -179 -65.6031 38.9991
1.40364e+09 -178.982 -65.5984 38.9889
1.40364e+09 -178.968 -65.598 38.9753
1.40364e+09 -178.976 -65.5855 38.9813
1.40364e+09 -178.96 -65.5882 38.96
1.40364e+09 -178.93 -65.5869 38.9266
1.40364e+09 -178.911 -65.5769 38.9171
1.40364e+09 -178.898 -65.5886 38.8995
1.40364e+09 -178.888 -65.583 38.8864
1.40364e+09 -178.897 -65.579 38.8983
1.40364e+09 -178.88 -65.5657 38.8746
1.40364e+09 -178.886 -65.5726 38.8716
1.40364e+09 -178.886 -65.5682 38.8669
1.40364e+09 -178.867 -65.5898 38.8557
1.40364e+09 -178.903 -65.5866 38.8967
1.40364e+09 -178.903 -65.5524 38.8869
1.40364e+09 -178.886 -65.5332 38.8889
1.40364e+09 -178.912 -65.5065 38.9238
1.40364e+09 -178.857 -65.5202 38.8697
1.40364e+09 -178.865 -65.5547 38.8835
1.40364e+09 -178.857 -65.6504 38.9056
1.40364e+09 -178.703 -65.7265 38.783
1.40364e+09 -178.745 -65.6923 38.9284
1.40364e+09 -178.702 -66.1507 38.8021
1.40364e+09 -178.524 -67.5695 38.1742
1.40364e+09 -177.961 -68.8753 37.3936
1.40364e+09 -177.955 -69.9045 37.3908
1.40364e+09 -178.547 -70.5125 38.1947
1.40364e+09 -178.591 -70.6041 38.6078
1.40364e+09 -178.686 -70.693 39.0861
1.40364e+09 -179.423 -69.9686 40.0789
1.40364e+09 179.983 -69.1888 40.8706
1.40364e+09 179.693 -68.4664 41.3977
1.40364e+09 179.933 -67.9702 41.4206
1.40364e+09 -179.943 -67.8315 41.545
1.40364e+09 -179.771 -68.2133 41.5958
1.40364e+09 -179.846 -68.9776 41.841
1.40364e+09 -179.786 -69.44 41.8691
1.40364e+09 -178.944 -69.6707 41.0985
1.40364e+09 -178.654 -69.928 40.8734
1.40364e+09 -178.854 -70.0884 41.0836
1.40364e+09 -179.345 -70.128 41.6467
1.40364e+09 -179.488 -70.1306 42.4127
1.40364e+09 -179.624 -70.1198 43.2603
1.40364e+09 -179.547 -70.1414 43.7533
1.40364e+09 179.833 -70.0643 44.757
1.40364e+09 176.952 -70.0432 47.7117
1.40364e+09 173.862 -69.9316 50.7819
1.40364e+09 172.585 -69.6644 52.0409
1.40364e+09 173.796 -68.8655 51.0626
1.40364e+09 176.937 -67.8099 48.8875
1.40364e+09 178.322 -67.0883 48.5679
1.40364e+09 179.187 -67.0625 48.5808
1.40364e+09 179.004 -67.306 49.6486
1.40364e+09 178.457 -67.8272 51.342
1.40364e+09 177.976 -68.6788 52.8493
1.40364e+09 177.229 -69.0575 55.1012
1.40364e+09 176.446 -69.3675 58.1027
1.40364e+09 176.822 -69.1975 60.477
1.40364e+09 177.258 -69.114 63.0117
1.40364e+09 177.954 -69.1515 65.265
1.40364e+09 178.299 -69.1521 67.3677
1.40364e+09 178.364 -69.2632 69.1025
1.40364e+09 178.231 -69.1236 70.409
1.40364e+09 178.268 -69.0422 71.075
1.40364e+09 177.646 -68.8872 72.0156
1.40364e+09 177.588 -68.7776 72.1622
1.40364e+09 177.371 -68.7643 72.3626
1.40364e+09 176.414 -68.7659 73.1925
1.40364e+09 175.246 -68.71 74.1153
1.40364e+09 174.243 -68.5417 74.8434
1.40364e+09 174.327 -68.5503 74.66
1.40364e+09 176.211 -68.3254 73.0545
1.40364e+09 177.487 -68.5486 72.6517
1.40364e+09 178.968 -69.1352 72.5437
1.40364e+09 179.484 -69.4677 73.793
1.40364e+09 179.864 -68.8629 75.1232
1.40364e+09 179.851 -68.2859 76.3867
1.40364e+09 179.356 -68.0192 77.8687
1.40364e+09 179.254 -67.8354 79.3647
1.40364e+09 177.104 -67.5944 83.1054
1.40364e+09 174.855 -67.2471 87.2028
1.40364e+09 174.134 -67.2436 90.1272
1.40364e+09 174.818 -67.649 91.6571
1.40364e+09 175.361 -68.1544 92.8088
1.40364e+09 176.4 -68.8474 92.9244
1.40364e+09 176.831 -69.3805 93.173
1.40364e+09 176.134 -70.1856 94.1596
1.40364e+09 175.088 -70.835 95.2726
1.40364e+09 174.842 -71.9669 95.4756
1.40364e+09 175.043 -72.7854 95.1802
1.40364e+09 176.05 -72.6226 94.3248
1.40364e+09 177.085 -71.8538 93.988
1.40364e+09 176.024 -70.9118 95.9362
1.40364e+09 174.463 -70.4084 98.279
1.40364e+09 173.09 -70.2539 100.64
1.40364e+09 172.536 -70.3888 102.626
1.40364e+09 172.873 -70.7505 103.66
1.40364e+09 172.753 -71.4427 104.813
1.40364e+09 171.616 -72.0451 107.02
1.40364e+09 170.192 -72.2795 109.734
1.40364e+09 172.511 -72.6959 109.302
1.40364e+09 175.318 -73.5057 108.871
1.40364e+09 176.925 -73.6884 109.835
1.40364e+09 178.466 -73.185 111.119
1.40364e+09 179.53 -71.7461 113.191
1.40364e+09 -179.775 -70.2208 115.74
1.40364e+09 -178.381 -69.6355 117.217
1.40364e+09 -177.876 -68.8645 119.272
1.40364e+09 -177.129 -68.2018 120.479
1.40364e+09 -176.574 -67.6977 121.203
1.40364e+09 -176.345 -67.6398 121.732
1.40364e+09 -176.287 -67.5126 121.972
1.40364e+09 -176.489 -67.5107 122.23
1.40364e+09 -176.683 -67.4449 122.268
1.40364e+09 -176.842 -67.3484 122.108
1.40364e+09 -176.716 -66.9602 121.682
1.40364e+09 -176.99 -66.3881 121.587
1.40364e+09 -176.695 -66.4887 121.264
1.40364e+09 -178.082 -66.794 122.822
1.40364e+09 -179.33 -67.3863 124.421
1.40364e+09 179.925 -68.1657 126.183
1.40364e+09 178.144 -69.1105 129.558
1.40364e+09 176.576 -69.5485 133.301
1.40364e+09 177.181 -69.8353 135.38
1.40364e+09 177.666 -69.9135 137.332
1.40364e+09 -179.801 -69.5285 136.872
1.40364e+09 -177.296 -69.4401 135.864
1.40364e+09 -177.205 -69.5303 136.63
1.40364e+09 -178.452 -69.4578 138.25
1.40364e+09 179.29 -69.6325 140.577
1.40364e+09 177.654 -69.7991 142.11
1.40364e+09 177.957 -69.9953 141.696
1.40364e+09 179.981 -69.6496 139.644
1.40364e+09 -178.048 -68.9151 137.557
1.40364e+09 -176.911 -68.2114 136.299
1.40364e+09 -176.651 -66.8336 135.899
1.40364e+09 -176.644 -65.0371 135.736
1.40364e+09 -176.573 -65.2843 135.485
1.40364e+09 -175.299 -67.6783 134.153
1.40364e+09 -172.872 -70.6653 131.733
1.40364e+09 -166.341 -72.6976 125.496
1.40364e+09 -160.196 -73.5771 119.651
1.40364e+09 -159.149 -73.9154 118.695
1.40364e+09 -164.665 -74.4569 123.985
1.40364e+09 -171.5 -74.5435 130.56
1.40364e+09 -174.966 -74.0314 133.985
1.40364e+09 -176.756 -72.3656 135.847
1.40364e+09 -177.46 -70.14 136.664
1.40364e+09 -178.335 -68.6729 137.574
1.40364e+09 -178.203 -68.1699 137.46
1.40364e+09 -178.238 -67.9552 137.48
1.40364e+09 -178.124 -67.9706 137.326
1.40364e+09 -175.857 -68.8884 135.069
1.40364e+09 -172.635 -70.62 131.121
1.40364e+09 -171.013 -71.9759 127.904
1.40364e+09 -170.349 -72.4717 125.128
1.40364e+09 -171.696 -72.2202 123.807
1.40364e+09 -172.694 -71.6725 121.675
1.40364e+09 -173.598 -70.7096 119.618
1.40364e+09 -174.952 -69.3836 118.733
1.40364e+09 -175.365 -68.6263 117.571
1.40364e+09 -174.342 -68.2411 115.532
1.40364e+09 -173.037 -68.5189 113.506
1.40364e+09 -172.791 -69.2926 112.223
1.40364e+09 -172.905 -69.5889 111.126
1.40364e+09 -172.777 -69.6192 110.155
1.40364e+09 -171.723 -69.0892 108.613
1.40364e+09 -170.969 -68.606 107.515
1.40364e+09 -169.386 -68.57 105.816
1.40364e+09 -169.257 -68.9522 105.568
1.40364e+09 -170.977 -69.0723 107.207
1.40364e+09 -173.112 -69.1069 109.328
1.40364e+09 -173.323 -68.7759 109.502
1.40364e+09 -171.818 -68.8118 107.506
1.40364e+09 -169.691 -69.7984 104.857
1.40364e+09 -167.978 -70.9669 102.472
1.40364e+09 -168.639 -71.0339 101.916
1.40364e+09 -171.065 -70.8466 102.606
1.40364e+09 -173.35 -70.889 102.78
1.40364e+09 -174.204 -70.8307 101.625
1.40364e+09 -174.283 -70.7287 100.282
1.40364e+09 -174.977 -70.7676 100.01
1.40364e+09 -175.357 -70.8657 99.838
1.40364e+09 -174.227 -70.9811 98.503
1.40364e+09 -172.254 -70.6733 96.6018
1.40364e+09 -170.536 -70.4405 95.1188
1.40364e+09 -168.689 -70.5375 93.5449
1.40364e+09 -167.657 -70.8804 92.7754
1.40364e+09 -167.035 -71.1142 92.3784
1.40364e+09 -166.495 -71.085 92.0771
1.40364e+09 -165.17 -71.0048 90.9101
1.40364e+09 -165.231 -70.9271 90.4343
1.40364e+09 -168.778 -71.6101 92.9692
1.40364e+09 -175.081 -72.5509 98.2052
1.40364e+09 -176.487 -73.2367 98.9435
1.40364e+09 -171.567 -73.7784 93.3533
1.40364e+09 -169.706 -72.9193 90.7058
1.40364e+09 -169.852 -70.9762 90.1756
1.40364e+09 -168.125 -70.0745 87.9289
1.40364e+09 -168.346 -70.8202 87.6286
1.40364e+09 -169.204 -72.5933 87.9892
1.40364e+09 -171.336 -74.4375 89.7316
1.40364e+09 -174.018 -74.9503 92.1605
1.40364e+09 -175.383 -73.6669 93.4885
1.40364e+09 -176.345 -72.2395 94.4848
1.40364e+09 -177.635 -70.8674 95.8184
1.40364e+09 -179.251 -70.1855 97.5715
1.40364e+09 179.72 -70.0291 98.8235
1.40364e+09 178.557 -69.9038 100.163
1.40364e+09 178.061 -69.7453 100.819
1.40364e+09 178.393 -69.8555 100.707
1.40364e+09 179.713 -69.8001 99.6087
1.40364e+09 -176.508 -69.2753 96.2214
1.40364e+09 -172.331 -67.4515 92.4406
1.40364e+09 -171.361 -65.7181 91.6138
1.40364e+09 -172.621 -64.9047 92.8159
1.40364e+09 -174.691 -64.974 94.7463
1.40364e+09 -176.621 -65.3141 96.528
1.40364e+09 -177.183 -65.6103 96.9923
1.40364e+09 -176.616 -66.2512 96.3747
1.40364e+09 -174.987 -67.252 94.7203
1.40364e+09 -171.687 -67.9145 91.0785
1.40364e+09 -168.713 -68.2392 87.1312
1.40364e+09 -166.789 -68.2641 83.6903
1.40364e+09 -166.195 -68.3622 81.2355
1.40364e+09 -165.556 -68.5218 78.967
1.40364e+09 -166.084 -68.6775 77.8127
1.40364e+09 -168.218 -68.6801 77.9277
1.40364e+09 -169.496 -68.9893 77.0572
1.40364e+09 -172.965 -68.7189 78.601
1.40364e+09 -177.46 -67.7429 81.6106
1.40364e+09 179.044 -66.9182 84.0264
1.40364e+09 177.692 -66.4899 84.8616
1.40364e+09 176.82 -66.1264 85.4946
1.40364e+09 176.73 -66.0889 85.6776
1.40364e+09 177.436 -67.3146 85.3498
1.40364e+09 -179.924 -68.293 83.2871
1.40364e+09 -174.942 -69.2101 78.5598
1.40364e+09 -167.582 -70.2803 70.7727
1.40364e+09 -162.867 -71.0432 64.7573
1.40364e+09 -161.773 -71.5485 61.7271
1.40364e+09 -164.995 -71.6243 62.3962
1.40364e+09 -169.871 -71.7095 64.3197
1.40364e+09 -176.261 -71.7758 67.4414
1.40364e+09 178.57 -72.8903 69.3724
1.40364e+09 178.446 -74.0319 66.5545
1.40364e+09 -178.296 -74.2495 60.4468
1.40364e+09 -174.113 -74.0278 53.482
1.40364e+09 -171.386 -73.2538 47.9267
1.40364e+09 -168.901 -72.5277 42.7144
1.40364e+09 -164.433 -72.4676 35.7911
1.40364e+09 -161.885 -72.9083 30.6715
1.40364e+09 -161.277 -72.9441 27.5443
1.40364e+09 -161.955 -72.8788 25.6799
1.40364e+09 -162.646 -72.8493 23.793
1.40364e+09 -162.189 -73.0105 21.0909
1.40364e+09 -161.234 -73.1322 18.5076
1.40364e+09 -160.504 -73.2483 16.6535
1.40364e+09 -159.514 -73.4108 14.9248
1.40364e+09 -158.429 -73.5478 13.0026
1.40364e+09 -156.718 -73.7245 10.5599
1.40364e+09 -154.177 -73.7172 7.08601
1.40364e+09 -152.53 -73.6384 4.26193
1.40364e+09 -149.642 -73.7759 0.402311
1.40364e+09 -150.107 -74.4664 -0.110229
1.40364e+09 -151.79 -74.8302 0.793309
1.40364e+09 -152.865 -74.8137 1.43981
1.40364e+09 -154.376 -74.8482 2.68933
1.40364e+09 -154.705 -74.9486 2.96981
1.40364e+09 -153.368 -75.2058 1.77718
1.40364e+09 -151.908 -75.4448 0.562833
1.40364e+09 -150.364 -75.319 -0.606398
1.40364e+09 -150.029 -75.2464 -0.612467
1.40364e+09 -148.989 -75.1019 -1.24919
1.40364e+09 -147.831 -74.297 -1.8499
1.40364e+09 -147.945 -73.2171 -1.18871
1.40364e+09 -149.922 -72.578 1.04423
1.40364e+09 -153.691 -72.6517 4.81784
1.40364e+09 -159.586 -73.0204 10.4557
1.40364e+09 -166.522 -73.1001 17.0228
1.40364e+09 -170.938 -73.2655 21.1291
1.40364e+09 -171.642 -73.2547 21.711
1.40364e+09 -171.262 -73.0659 21.2624
1.40364e+09 -171.837 -72.8127 21.7138
1.40364e+09 -171.262 -72.9136 21.0963
1.40364e+09 -171.005 -72.7602 20.8218
1.40364e+09 -172.092 -72.2112 21.8306
1.40364e+09 -172.733 -71.1188 22.5287
1.40364e+09 -173.123 -70.4373 22.9566
1.40364e+09 -173.446 -69.8628 23.3882
1.40364e+09 -174.833 -69.2545 24.7813
1.40364e+09 -176.198 -68.4541 26.1011
1.40364e+09 -176.882 -67.6541 26.7644
1.40364e+09 -177.848 -67.3178 27.6816
1.40364e+09 -177.975 -67.0391 27.7197
1.40364e+09 -178.086 -67.2922 27.7224
1.40364e+09 -178.881 -67.3574 28.2784
1.40364e+09 -179.572 -66.9373 28.7455
1.40364e+09 179.433 -65.8326 29.5168
1.40364e+09 177.939 -64.5746 30.8008
1.40364e+09 177.331 -62.9597 31.3376
1.40364e+09 177.456 -61.3686 31.254
1.40364e+09 177.533 -60.4479 31.2428
1.40364e+09 176.719 -60.0699 32.0854
1.40364e+09 174.5 -60.4738 34.2961
1.40364e+09 172.191 -62.4639 36.6418
1.40364e+09 171.533 -65.832 37.4629
1.40364e+09 172.483 -68.4486 36.6549
1.40364e+09 172.609 -69.5559 36.5075
1.40364e+09 171.988 -69.6129 37.025
1.40364e+09 171.886 -69.3248 37.03
1.40364e+09 171.587 -69.1618 37.2309
1.40364e+09 172.138 -69.0907 36.7019
1.40364e+09 174.059 -69.0348 34.8797
1.40364e+09 173.736 -68.9464 35.1655
1.40364e+09 172.719 -68.7073 36.09
1.40364e+09 171.539 -68.6044 37.1448
1.40364e+09 171.019 -68.5868 37.6039
1.40364e+09 170.864 -68.6072 37.7151
1.40364e+09 172.552 -68.5921 36.0172
1.40364e+09 177.807 -68.7556 31.0073
1.40364e+09 -178.284 -68.7866 27.1754
1.40364e+09 -174.325 -69.2534 23.065
1.40364e+09 -171.205 -70.447 19.7764
1.40364e+09 -169.965 -71.4261 18.284
1.40364e+09 -171.632 -72.1557 19.1676
1.40364e+09 -172.285 -72.5287 18.4277
1.40364e+09 -171.622 -72.8752 15.8079
1.40364e+09 -170.895 -73.0431 12.6424
1.40364e+09 -169.819 -72.4335 8.73533
1.40364e+09 -169.011 -71.2315 4.95309
1.40364e+09 -168.072 -70.4658 1.12984
1.40364e+09 -167.845 -70.1703 -1.93567
1.40364e+09 -168.868 -69.4338 -3.37092
1.40364e+09 -170.091 -68.4341 -3.91911
1.40364e+09 -172.149 -67.5643 -3.15766
1.40364e+09 -174.3 -66.9826 -2.31339
1.40364e+09 -176.425 -66.3919 -1.61877
1.40364e+09 -177.509 -66.4801 -2.34745
1.40364e+09 -176.007 -67.8362 -5.95494
1.40364e+09 -174.849 -68.8872 -9.64082
1.40364e+09 -174.091 -69.4495 -13.1076
1.40364e+09 -173.992 -69.6378 -16.0779
1.40364e+09 -174.094 -69.6475 -18.8112
1.40364e+09 -174.448 -68.7383 -20.7248
1.40364e+09 -174.056 -67.9058 -22.7234
1.40364e+09 -174.201 -67.7594 -23.6795
1.40364e+09 -174.319 -67.5243 -24.2112
1.40364e+09 -174.599 -67.3649 -24.2552
1.40364e+09 -175.918 -67.3734 -23.096
1.40364e+09 -177.2 -67.4105 -21.805
1.40364e+09 -178.343 -66.9798 -20.5263
1.40364e+09 -178.593 -66.2254 -19.9721
1.40364e+09 -178.144 -66.0269 -20
1.40364e+09 -177.247 -66.2128 -20.4875
1.40364e+09 -176.332 -66.4702 -20.9828
1.40364e+09 -174.926 -66.9252 -22.0531
1.40364e+09 -172.378 -68.0185 -24.6416
1.40364e+09 -169.722 -68.8949 -28.2574
1.40364e+09 -166.32 -69.5416 -33.4258
1.40364e+09 -162.835 -71.1818 -39.3381
1.40364e+09 -164.378 -71.6737 -40.6627
1.40364e+09 -167.682 -71.4395 -40.3383
1.40364e+09 -172.152 -70.7932 -38.8579
1.40364e+09 -173.87 -69.8908 -39.5086
1.40364e+09 -174.351 -68.7687 -40.6694
1.40364e+09 -174.549 -67.9743 -41.6529
1.40364e+09 -172.751 -67.111 -44.0481
1.40364e+09 -171.329 -66.4653 -45.6763
1.40364e+09 -173.761 -66.1229 -43.4651
1.40364e+09 -177.495 -65.9322 -39.86
1.40364e+09 -178.874 -65.7701 -38.2798
1.40364e+09 -178.64 -65.9075 -38.1846
1.40364e+09 -178.223 -66.3934 -38.2746
1.40364e+09 -177.678 -67.3835 -38.5198
1.40364e+09 -177.988 -68.4566 -37.9706
1.40364e+09 -179.485 -69.0612 -36.3951
1.40364e+09 178.912 -68.4353 -34.7657
1.40364e+09 179.062 -67.2431 -34.8488
1.40364e+09 178.209 -66.2315 -34.0524
1.40364e+09 177.744 -65.749 -33.6034
1.40364e+09 177.075 -66.7029 -32.9514
1.40364e+09 176.566 -68.2032 -32.4572
1.40364e+09 175.869 -69.5583 -31.8015
1.40364e+09 175.868 -69.7048 -31.8547
1.40364e+09 176.517 -68.9812 -32.5343
1.40364e+09 177.075 -67.7165 -33.1764
1.40364e+09 177.369 -67.1017 -33.5639
1.40364e+09 177.257 -67.6376 -33.511
1.40364e+09 176.629 -68.2919 -32.9591
1.40364e+09 176.715 -68.6752 -33.1071
1.40364e+09 176.732 -68.8264 -33.1535
1.40364e+09 177.409 -68.9529 -33.811
1.40364e+09 176.817 -68.8855 -33.3417
1.40364e+09 176.977 -69.1722 -33.529
1.40364e+09 176.787 -69.0404 -33.3617
1.40364e+09 176.154 -68.9476 -32.7472
1.40364e+09 174.439 -68.8999 -31.0765
1.40364e+09 172.799 -69.1857 -29.3479
1.40364e+09 170.971 -69.818 -26.6805
1.40364e+09 169.837 -70.2563 -24.0347
1.40364e+09 169.827 -70.6826 -22.4925
1.40364e+09 173.915 -70.8498 -25.0937
1.40364e+09 -177.883 -70.1095 -31.9278
1.40364e+09 -173.176 -69.3225 -35.7405
1.40364e+09 -174.844 -68.8926 -33.8492
1.40364e+09 -177.74 -68.8415 -31.002
1.40364e+09 -179.262 -68.8051 -29.5225
1.40364e+09 179.653 -68.7058 -28.5394
1.40364e+09 179.291 -68.9282 -28.2727
1.40364e+09 177.982 -68.8469 -27.1701
1.40364e+09 176.044 -68.7819 -25.4728
1.40364e+09 173.145 -68.8469 -22.3878
1.40364e+09 170.875 -68.6416 -19.2236
1.40364e+09 170.789 -68.4805 -17.2899
1.40364e+09 173.487 -69.1347 -17.0376
1.40364e+09 176.099 -70.203 -16.1587
1.40364e+09 177.695 -71.4492 -14.1586
1.40364e+09 178.243 -72.4881 -11.6617
1.40364e+09 178.157 -72.9932 -9.33492
1.40364e+09 178.204 -72.3152 -7.89392
1.40364e+09 178.072 -71.3264 -6.92935
1.40364e+09 176.63 -70.8259 -5.15895
1.40364e+09 173.885 -70.7907 -2.46771
1.40364e+09 171.21 -71.3349 -0.0451371
1.40364e+09 168.059 -71.8746 2.73522
1.40364e+09 165.539 -72.5227 4.90495
1.40364e+09 167.522 -74.3947 2.90563
1.40364e+09 171.093 -76.6717 -0.580352
1.40364e+09 175.033 -78.2573 -4.47504
1.40364e+09 177.819 -79.1278 -7.11735
1.40364e+09 178.038 -78.6803 -6.73282
1.40364e+09 177.934 -77.3219 -5.72056
1.40364e+09 177.985 -76.2529 -4.9648
1.40364e+09 177.956 -75.4178 -4.28648
1.40364e+09 178.975 -75.1037 -4.17606
1.40364e+09 -179.823 -74.915 -3.65149
1.40364e+09 -178.9 -74.3859 -2.35229
1.40364e+09 -179.253 -72.7739 0.134362
1.40364e+09 -179.677 -70.7509 2.2885
1.40364e+09 -179.394 -69.5675 3.2637
1.40364e+09 -178.503 -68.5067 3.26652
1.40364e+09 -177.341 -67.3863 2.61724
1.40364e+09 -177.658 -66.3435 3.10597
1.40364e+09 -177.978 -66.0897 3.40842
1.40364e+09 -178.159 -67.2713 3.50475
1.40364e+09 -178.922 -68.9691 4.0593
1.40364e+09 176.807 -70.9018 8.19096
1.40364e+09 170.534 -72.1743 14.9305
1.40364e+09 166.337 -72.3406 19.8658
1.40364e+09 167.023 -72.0725 20.0937
1.40364e+09 168.67 -71.9629 19.1922
1.40364e+09 171.402 -72.0579 17.1553
1.40364e+09 175.677 -71.8975 13.4897
1.40364e+09 177.587 -71.8625 11.9352
1.40364e+09 178.364 -72.4736 11.344
1.40364e+09 178.685 -71.6927 11.0879
1.40364e+09 179.366 -70.131 10.3983
1.40364e+09 178.557 -69.2019 11.0816
1.40364e+09 178.84 -68.8298 10.691
1.40364e+09 178.144 -68.8404 11.2276
1.40364e+09 176.75 -68.7541 12.4378
1.40364e+09 174.458 -68.6753 14.5126
1.40364e+09 173.615 -68.6173 15.2303
1.40364e+09 173.927 -68.6084 14.9314
1.40364e+09 173.386 -68.6496 15.4278
1.40364e+09 174.426 -68.9404 14.4948
1.40364e+09 175.664 -69.8423 13.3933
1.40364e+09 176.482 -70.6849 12.6969
1.40364e+09 177.109 -71.1094 12.1554
1.40364e+09 177.023 -71.8315 12.2407
1.40364e+09 177.822 -73.2177 11.4483
1.40364e+09 178.935 -74.5445 10.3613
1.40364e+09 -177.566 -75.9274 7.03527
1.40364e+09 -169.434 -77.6773 -0.684624
1.40364e+09 -164.675 -77.8855 -4.62267
1.40364e+09 -168.212 -76.7084 -0.132581
1.40364e+09 -172.095 -75.7186 4.563
1.40364e+09 -176.891 -75.2732 9.875
1.40364e+09 -179.345 -75.4124 12.719
1.40364e+09 -179.973 -75.2121 13.6771
1.40364e+09 179.864 -73.7945 14.0256
1.40364e+09 -179.219 -72.2773 13.2752
1.40364e+09 -179.258 -71.4262 13.2965
1.40364e+09 -178.897 -70.9018 12.9231
1.40364e+09 -179.434 -71.3404 13.3351
1.40364e+09 -179.533 -72.4151 13.3135
1.40364e+09 -179.381 -73.0173 13.0908
1.40364e+09 -178.785 -72.1967 12.4583
1.40364e+09 -177.993 -71.2998 11.6268
1.40364e+09 -178.339 -70.5339 11.8682
1.40364e+09 -178.597 -69.3637 12.028
1.40364e+09 -179.135 -68.5273 12.4258
1.40364e+09 -179.613 -67.8824 12.7572
1.40364e+09 -179.822 -67.5453 12.9124
1.40364e+09 179.924 -67.3247 13.1419
1.40364e+09 -179.708 -66.5445 12.7605
1.40364e+09 -179.285 -64.741 12.36
1.40364e+09 -179.269 -64.1967 12.3412
1.40364e+09 -179.016 -66.1067 12.0955
1.40364e+09 -178.824 -68.1555 11.9319
1.40364e+09 -178.821 -68.7316 11.9808
1.40364e+09 -178.487 -68.3289 11.7119
1.40364e+09 -178.871 -67.33 12.1223
1.40364e+09 -178.861 -66.383 12.1427
1.40364e+09 -178.956 -66.3693 12.2478
1.40364e+09 -179.101 -67.4073 12.4238
1.40364e+09 -179.128 -68.4873 12.4576
1.40364e+09 -178.893 -68.8104 12.2349
1.40364e+09 -178.699 -68.6666 12.0087
1.40364e+09 -178.15 -67.9056 11.4241
1.40364e+09 -177.836 -66.5049 11.0513
1.40364e+09 -178.102 -66.0149 11.2331
1.40364e+09 -178.087 -66.5332 11.1705
1.40364e+09 -178.051 -67.6624 11.1721
1.40364e+09 -178.026 -68.4145 11.1155
1.40364e+09 -178.942 -68.7879 11.957
1.40364e+09 178.535 -69.5295 14.3457
1.40364e+09 175.355 -70.2704 17.3311
1.40364e+09 174.101 -70.7699 18.5238
1.40364e+09 174.633 -71.0166 18.0598
1.40364e+09 174.557 -71.0657 18.1519
1.40364e+09 174.774 -71.0619 17.9904
1.40364e+09 176.931 -71.6756 16.0301
1.40364e+09 178.679 -73.4145 14.455
1.40364e+09 179.598 -73.855 13.6063
1.40364e+09 -179.394 -73.2044 12.6491
1.40364e+09 -179.901 -72.5672 13.1237
1.40364e+09 178.846 -71.8994 14.3332
1.40364e+09 175.959 -71.4348 17.0662
1.40364e+09 169.998 -71.2213 22.7268
1.40364e+09 162.392 -71.3368 29.9526
1.40364e+09 156.595 -71.473 35.5006
1.40364e+09 155.236 -71.4855 36.8469
1.40364e+09 156.445 -71.3385 35.6879
1.40364e+09 158.021 -71.2954 34.1657
1.40364e+09 159.181 -71.5638 33.0169
1.40364e+09 159.703 -72.298 32.5665
1.40364e+09 158.673 -72.4647 33.5001
1.40364e+09 157.232 -71.9034 34.7159
1.40364e+09 156.6 -71.1385 35.5896
1.40364e+09 158.469 -71.0979 34.8588
1.40364e+09 164.624 -71.1059 30.0841
1.40364e+09 169.558 -70.9148 26.2554
1.40364e+09 171.991 -70.8105 24.6996
1.40364e+09 171.75 -70.7041 26.1049
1.40364e+09 168.605 -71.182 30.7598
1.40364e+09 167.138 -72.2041 34.2248
1.40364e+09 165.873 -72.9427 37.5721
1.40364e+09 162.314 -72.5713 42.6687
1.40364e+09 159.989 -72.0252 46.4766
1.40364e+09 156.518 -71.4364 51.546
1.40364e+09 156.145 -70.6633 53.2669
1.40364e+09 157.861 -70.2157 52.5444
1.40364e+09 163.239 -70.7103 48.0748
1.40364e+09 167.618 -71.1431 44.2481
1.40364e+09 169.979 -71.3095 42.0311
1.40364e+09 171.229 -71.4173 40.6934
1.40364e+09 170.461 -71.3007 41.2365
1.40364e+09 170.671 -71.5308 40.8011
1.40364e+09 169.634 -71.7547 41.532
1.40364e+09 170.088 -72.0425 40.9354
1.40364e+09 169.657 -72.0307 41.1564
1.40364e+09 170.513 -72.0424 40.3165
1.40364e+09 170.767 -71.9331 40.7459
1.40364e+09 173.392 -71.7807 39.1825
1.40364e+09 176.831 -71.1151 36.7011
1.40364e+09 178.685 -70.1744 35.5562
1.40364e+09 179.367 -69.8865 35.3084
1.40364e+09 179.787 -69.7626 35.19
1.40364e+09 -178.739 -69.5958 33.9201
1.40364e+09 -178.481 -69.3396 33.683
1.40364e+09 -178.91 -69.46 34.0316
1.40364e+09 -179.456 -69.7477 34.4807
1.40364e+09 -178.857 -69.8956 33.845
1.40364e+09 -178.571 -70.0386 33.5442
1.40364e+09 -179.814 -70.6254 34.6639
1.40364e+09 179.964 -71.2222 34.8794
1.40364e+09 -179.333 -71.4668 34.2444
1.40364e+09 -178.586 -71.4493 33.5299
1.40364e+09 -177.312 -71.3517 32.3246
1.40364e+09 -177.241 -71.1219 32.2809
1.40364e+09 -177.923 -71.1872 32.9278
1.40364e+09 -178.211 -71.2978 33.2719
1.40364e+09 -177.816 -71.1804 33.0228
1.40364e+09 -177.485 -70.7253 32.8515
1.40364e+09 -175.621 -70.1236 31.2132
1.40364e+09 -172.4 -69.1844 28.2234
1.40364e+09 -168.801 -67.9003 24.7987
1.40364e+09 -167.291 -67.3955 23.2616
1.40364e+09 -166.535 -67.6949 22.6051
1.40364e+09 -167.639 -67.9345 24.3522
1.40364e+09 -171.077 -68.3133 29.0125
1.40364e+09 -176.581 -69.1347 36.4523
1.40364e+09 179.855 -69.4208 43.048
1.40364e+09 177.16 -69.5439 49.778
1.40364e+09 176.992 -69.7372 55.0475
1.40364e+09 176.656 -70.0075 61.0067
1.40364e+09 176.178 -70.5716 67.101
1.40364e+09 172.979 -71.1289 75.0136
1.40364e+09 167.714 -71.3973 83.5489
1.40364e+09 161.954 -71.9103 91.4288
1.40364e+09 159.249 -72.112 96.1105
1.40364e+09 159.319 -71.8472 98.4193
1.40364e+09 161.723 -71.7923 98.9284
1.40364e+09 163.206 -71.7427 100.423
1.40364e+09 163.995 -71.9472 102.527
1.40364e+09 165.377 -72.3261 103.89
1.40364e+09 169.904 -72.8158 101.613
1.40364e+09 173.124 -73.3759 99.8657
1.40364e+09 174.803 -73.7643 99.0498
1.40364e+09 176.286 -74.1002 98.4448
1.40364e+09 176.928 -73.9512 99.0025
1.40364e+09 176.828 -74.0507 100.01
1.40364e+09 177.816 -74.5492 99.6978
1.40364e+09 177.63 -75.0064 100.257
1.40364e+09 178.698 -75.223 99.5826
1.40364e+09 178.297 -75.4485 100.87
1.40364e+09 178.454 -75.9339 102.276
1.40364e+09 177.912 -76.2185 105.093
1.40364e+09 177.804 -75.5278 107.513
1.40364e+09 -179.899 -74.0677 107.163
1.40364e+09 -177.91 -73.0746 106.572
1.40364e+09 -176.597 -71.775 106.119
1.40364e+09 -176.554 -71.1187 106.442
1.40364e+09 -176.61 -71.2903 106.59
1.40364e+09 -175.55 -72.1608 105.525
1.40364e+09 -176 -72.5142 105.729
1.40364e+09 -176.4 -71.8918 105.93
1.40364e+09 -176.693 -71.3649 106.435
1.40364e+09 -176.893 -70.9604 107.712
1.40364e+09 -176.542 -71.0231 108.795
1.40364e+09 -175.775 -71.0821 109.319
1.40364e+09 -176.285 -71.3234 110.764
1.40364e+09 -176.736 -71.4974 111.899
1.40364e+09 -176.329 -71.5071 112.017
1.40364e+09 -176.487 -71.4376 112.436
1.40364e+09 -175.73 -71.4295 111.871
1.40364e+09 -175.119 -71.3665 111.364
1.40364e+09 -174.615 -71.5825 110.905
1.40364e+09 -174.417 -71.9846 110.663
1.40364e+09 -174.02 -71.7938 110.15
1.40364e+09 -175.533 -71.8563 111.497
1.40364e+09 -176.874 -72.1488 112.684
1.40364e+09 -177.613 -72.9477 113.337
1.40364e+09 -177.705 -73.926 113.383
1.40364e+09 -177.338 -74.7845 113.027
1.40364e+09 -176.834 -74.7885 112.535
1.40364e+09 -176.929 -74.6464 112.598
1.40364e+09 -176.398 -74.7061 112.065
1.40364e+09 -176.601 -74.8355 112.189
1.40364e+09 -175.282 -75.0114 110.871
1.40364e+09 -175.267 -75.0419 110.816
1.40364e+09 -174.276 -74.4829 109.888
1.40364e+09 -174.169 -73.71 109.821
1.40364e+09 -173.898 -73.0734 109.611
1.40364e+09 -173.151 -72.4959 108.966
1.40364e+09 -173.437 -72.2524 109.17
1.40364e+09 -173.503 -72.2007 108.504
1.40364e+09 -173.17 -72.0395 106.771
1.40364e+09 -171.956 -71.971 103.654
1.40364e+09 -170.291 -72.0967 99.5141
1.40364e+09 -168.525 -71.775 94.7458
1.40364e+09 -166.198 -71.3806 89.2633
1.40364e+09 -165.597 -71.1483 85.3765
1.40364e+09 -165.881 -71.0942 82.4534
1.40364e+09 -167.463 -71.2507 80.8115
1.40364e+09 -168.094 -71.2711 78.2703
1.40364e+09 -169.376 -71.3348 76.4026
1.40364e+09 -169.364 -71.4182 73.3289
1.40364e+09 -169.159 -71.2407 70.0843
1.40364e+09 -168.675 -71.0397 66.5367
1.40364e+09 -169.292 -70.9765 63.9027
1.40364e+09 -168.72 -70.7281 60.0123
1.40364e+09 -169.018 -70.4845 56.7704
1.40364e+09 -168.559 -70.3039 52.6955
1.40364e+09 -167.186 -69.4796 47.7692
1.40364e+09 -165.177 -67.9353 42.2945
1.40364e+09 -163.142 -66.3 36.8232
1.40364e+09 -161.03 -65.1711 31.3641
1.40364e+09 -161.64 -65.6909 28.812
1.40364e+09 -164.882 -67.9457 29.5647
1.40364e+09 -168.857 -69.7294 31.8492
1.40364e+09 -171.362 -70.4831 33.4265
1.40364e+09 -172.729 -70.4255 34.4324
1.40364e+09 -174.293 -69.3243 35.949
1.40364e+09 -174.956 -67.9536 36.8798
1.40364e+09 -175.262 -66.889 37.5849
1.40364e+09 -175.696 -66.2038 38.4583
1.40364e+09 -175.994 -66.6572 39.2356
1.40364e+09 -176.162 -67.9642 39.8004
1.40364e+09 -176.128 -69.3107 40.1709
1.40364e+09 -176.048 -70.3592 40.4845
1.40364e+09 -176.211 -70.9742 40.9648
1.40364e+09 -176.266 -71.3346 41.2409
1.40364e+09 -176.734 -71.3773 41.849
1.40364e+09 -177.03 -71.1433 42.2055
1.40364e+09 -178.565 -70.7779 43.6529
1.40364e+09 179.745 -70.6582 45.1995
1.40364e+09 178.087 -70.7193 46.7709
1.40364e+09 177.474 -70.9575 47.3271
1.40364e+09 178.793 -71.1219 46.0915
1.40364e+09 -179.608 -71.2251 44.3961
1.40364e+09 -178.723 -71.1951 42.9437
1.40364e+09 -178.161 -71.2261 41.8663
1.40364e+09 -178.727 -71.2696 41.9604
1.40364e+09 -179.13 -71.2711 42.0296
1.40364e+09 -179.62 -71.4931 42.2261
1.40364e+09 179.918 -71.7734 42.4923
1.40364e+09 179.834 -71.8657 42.476
1.40364e+09 179.056 -71.7184 43.1181
1.40364e+09 177.882 -71.354 44.1735
1.40364e+09 176.55 -71.504 45.3424
1.40364e+09 176.199 -72.2218 44.9821
1.40364e+09 177.462 -72.384 42.5647
1.40364e+09 179.456 -71.9303 38.9979
1.40364e+09 -179.353 -71.4052 36.0905
1.40364e+09 -179.476 -71.007 34.8764
1.40364e+09 -179.854 -70.6802 34.2604
1.40364e+09 179.284 -70.5342 34.4423
1.40364e+09 177.197 -70.329 36.0043
1.40364e+09 174.04 -70.2419 38.7859
1.40364e+09 171.459 -69.9061 41.2183
1.40364e+09 170.345 -69.7824 42.3337
1.40364e+09 169.441 -70.2167 43.3778
1.40364e+09 168.877 -70.5018 44.0902
1.40364e+09 169.378 -70.8911 43.815
1.40364e+09 169.556 -71.6524 43.9331
1.40364e+09 171.846 -72.1837 42.0335
1.40364e+09 173.856 -72.1955 40.3175
1.40364e+09 174.598 -72.0035 39.7266
1.40364e+09 175.7 -71.2564 38.653
1.40364e+09 175.873 -70.31 37.7508
1.40364e+09 176.304 -69.8079 36.3523
1.40364e+09 -178.309 -69.6893 30.5024
1.40364e+09 -173.88 -69.8237 25.6961
1.40364e+09 -174.201 -70.2823 25.5277
1.40364e+09 -176.691 -71.5353 27.5368
1.40364e+09 -178.472 -73.0853 29.0477
1.40364e+09 -179.873 -74.1333 30.3179
1.40364e+09 -178.794 -73.9672 29.284
1.40364e+09 -176.358 -73.378 27.0197
1.40364e+09 -173.481 -72.5337 24.3439
1.40364e+09 -170.229 -71.6593 21.3182
1.40364e+09 -167.718 -70.8806 18.9825
1.40364e+09 -167.311 -70.3444 18.6183
1.40364e+09 -170.881 -70.277 21.9565
1.40364e+09 -177.278 -70.2856 27.9474
1.40364e+09 179.133 -70.3242 31.2794
1.40364e+09 177.718 -70.3034 32.5891
1.40364e+09 177.591 -70.4083 32.6067
1.40364e+09 177.509 -70.4729 32.537
1.40364e+09 178.072 -70.4021 31.8596
1.40364e+09 178.257 -70.3979 31.5473
1.40364e+09 178.811 -70.2016 30.9072
1.40364e+09 178.895 -70.097 30.7196
1.40364e+09 178.907 -69.816 30.6333
1.40364e+09 179.502 -69.4991 30.019
1.40364e+09 -179.582 -69.2192 29.079
1.40364e+09 -178.663 -69.1051 28.1663
1.40364e+09 -177.846 -69.1998 27.3065
1.40364e+09 -177.404 -69.5199 26.8821
1.40364e+09 -176.369 -69.8862 25.9316
1.40364e+09 -177.161 -70.1768 26.7215
1.40364e+09 -178.815 -70.4042 28.3356
1.40364e+09 179.65 -70.1343 29.7856
1.40364e+09 179.283 -69.3658 30.1036
1.40364e+09 179.493 -68.6476 29.8529
1.40364e+09 179.646 -68.0323 29.6784
1.40364e+09 179.563 -67.5635 29.7689
1.40364e+09 179.715 -68.3302 29.6513
1.40364e+09 -179.517 -69.3877 28.9375
1.40364e+09 -179.663 -69.8715 29.0662
1.40364e+09 -179.873 -71.0035 29.291
1.40364e+09 -179.196 -71.9071 28.7016
1.40364e+09 -179.549 -71.3803 29.0538
1.40364e+09 -179.204 -69.5493 28.6867
1.40364e+09 -177.638 -67.8868 27.1929
1.40364e+09 -176.312 -68.1753 25.9097
1.40364e+09 -171.919 -68.8187 21.7939
1.40364e+09 -171.137 -69.2505 21.0392
1.40364e+09 -175.207 -69.6838 24.8197
1.40364e+09 -179.497 -69.7358 28.8122
1.40364e+09 178.263 -69.7035 30.9373
1.40364e+09 176.734 -69.6731 32.3811
1.40364e+09 176.819 -68.8666 32.3126
1.40364e+09 177.39 -67.5563 31.7675
1.40364e+09 177.612 -67.6842 31.5796
1.40364e+09 179.007 -68.8985 30.2279
1.40364e+09 -178.466 -70.3221 27.8742
1.40364e+09 -178.976 -71.0223 28.3824
1.40364e+09 -179.82 -69.5591 29.1715
1.40364e+09 179.774 -67.7844 29.5138
1.40364e+09 -178.488 -68.4812 27.928
1.40364e+09 -174.767 -69.8827 24.5126
1.40364e+09 -174.138 -70.628 23.9954
1.40364e+09 -176.945 -70.1613 26.7292
1.40364e+09 -179.052 -68.8024 28.7918
1.40364e+09 179.998 -69.0163 29.7292
1.40364e+09 179.635 -70.6668 30.0786
1.40364e+09 179.213 -72.793 30.4507
1.40364e+09 178.992 -73.7887 30.685
1.40364e+09 178.885 -72.3995 30.7921
1.40364e+09 178.39 -69.9323 31.2397
1.40364e+09 179.475 -68.2031 30.222
1.40364e+09 -174.333 -67.1575 24.8037
1.40364e+09 -175.369 -66.1663 26.0013
1.40364e+09 -177.907 -67.9804 27.6387
1.40364e+09 178.51 -67.3005 31.6271
1.40364e+09 178.966 -67.2831 31.0404
1.40364e+09 178.744 -67.3873 31.2255
1.40364e+09 178.712 -67.3276 31.2808
1.40364e+09 178.667 -67.367 31.3065
1.40364e+09 178.765 -67.3314 31.2227
1.40364e+09 179.104 -67.2935 30.8911
1.40364e+09 179.164 -67.3061 30.829
1.40364e+09 179.086 -67.3076 30.9042
1.40364e+09 178.981 -67.3024 31.0085
1.40364e+09 178.916 -67.3002 31.072
1.40364e+09 178.97 -67.2883 31.0192
1.40364e+09 179.04 -67.2917 30.9588
1.40364e+09 179.09 -67.2776 30.9085
