1.25 1.84359 11.0757 9.01362
1.35 1.29766 11.3907 9.90528
1.45 0.73999 11.5867 10.8113
1.55 0.158969 11.6664 11.7136
1.65 -0.42156 11.6191 12.6203
1.75 -0.994485 11.4588 13.5204
1.85 -1.57578 11.165 14.4244
1.95 -2.11432 10.7778 15.323
2.05 -2.64586 10.2709 16.2132
2.15 -3.1363 9.68217 17.1152
2.25 -3.59965 9.01306 18.0054
2.35 -4.01829 8.25518 18.9051
2.45 -4.39943 7.42548 19.8063
2.55 -4.73555 6.50821 20.7057
2.65 -5.0098 5.56814 21.6006
2.75 -5.24598 4.55083 22.5051
2.85 -5.41074 3.50848 23.4021
2.95 -5.53334 2.4126 24.3019
3.05 -5.61673 1.28085 25.2037
3.15 -5.63995 0.133073 26.1023
3.25 -5.62525 -1.0372 27.0097
3.35 -5.56856 -2.24133 27.9137
3.45 -5.42253 -3.38665 28.8149
3.55 -5.19385 -4.47642 29.7086
3.65 -4.94249 -5.53068 30.6089
3.75 -4.64673 -6.5215 31.5109
3.85 -4.32184 -7.47953 32.4137
3.95 -3.92903 -8.31338 33.3109
4.05 -3.4811 -9.03349 34.205
4.15 -3.00467 -9.66864 35.1015
4.25 -2.50174 -10.201 35.998
4.35 -1.97294 -10.6434 36.8985
4.45 -1.41856 -10.9525 37.7975
4.55 -0.861766 -11.1843 38.7011
4.65 -0.289311 -11.3031 39.5997
4.75 0.288119 -11.3042 40.503
4.85 0.853487 -11.2002 41.4057
4.95 1.41186 -10.9706 42.3115
5.05 1.95528 -10.6459 43.214
5.15 2.48853 -10.2211 44.119
5.25 2.98126 -9.70775 45.0288
5.35 3.45545 -9.09936 45.9219
5.45 3.89023 -8.39115 46.8274
5.55 4.29009 -7.59625 47.7267
5.65 4.66144 -6.7328 48.6278
5.75 4.98002 -5.80147 49.531
5.85 5.25738 -4.81243 50.4385
5.95 5.48823 -3.7617 51.346
6.05 5.6504 -2.65932 52.2461
6.15001 5.76107 -1.53087 53.1513
6.25001 5.8144 -0.389626 54.0565
6.35001 5.81092 0.752718 54.9599
6.45001 5.74147 1.88712 55.862
6.55001 5.61977 3.00804 56.757
6.65001 5.44858 4.10375 57.6607
6.75001 5.21352 5.15457 58.5628
6.85001 4.92179 6.15073 59.467
6.95001 4.59095 7.08118 60.3692
7.05001 4.21949 7.94725 61.2698
7.15001 3.80173 8.7268 62.165
7.25001 3.35009 9.42965 63.0724
7.35001 2.85319 10.0263 63.9712
7.45001 2.32578 10.5178 64.8719
7.55001 1.78527 10.9099 65.7705
7.65001 1.21726 11.1919 66.6742
7.75001 0.651779 11.3611 67.5744
7.85001 0.0783408 11.4244 68.4759
7.95001 -0.495262 11.3735 69.381
8.05001 -1.06246 11.2108 70.2775
8.15001 -1.61589 10.935 71.175
8.25001 -2.1563 10.5509 72.0763
8.35001 -2.6743 10.0617 72.9752
8.45001 -3.16592 9.4679 73.8727
8.55001 -3.62247 8.77618 74.774
8.65001 -4.04182 8.00361 75.6746
8.75001 -4.42098 7.14454 76.5735
8.85002 -4.75718 6.2207 77.4783
8.95002 -5.03855 5.23298 78.3822
9.05002 -5.2693 4.18529 79.2799
9.15002 -5.45061 3.09973 80.1745
9.25002 -5.57798 1.98292 81.0713
9.35002 -5.64432 0.847463 81.9694
9.45002 -5.65203 -0.298529 82.8665
9.55002 -5.60996 -1.44248 83.7641
9.65002 -5.50846 -2.56943 84.6604
9.75002 -5.34809 -3.67118 85.5604
9.85002 -5.14022 -4.74114 86.4627
9.95002 -4.87883 -5.76091 87.3613
10.05 -4.57236 -6.72756 88.2605
10.15 -4.21307 -7.62318 89.1606
10.25 -3.81693 -8.44127 90.0568
10.35 -3.37872 -9.17982 90.9539
10.45 -2.90705 -9.82133 91.8518
10.55 -2.40214 -10.3661 92.7498
10.65 -1.87649 -10.8076 93.6474
10.75 -1.32439 -11.1429 94.5486
10.85 -0.764941 -11.365 95.4485
10.95 -0.195891 -11.4777 96.3463
11.05 0.378044 -11.4711 97.2502
11.15 0.948755 -11.3544 98.1499
11.25 1.51134 -11.1237 99.0529
11.35 2.05783 -10.7796 99.9495
11.45 2.58161 -10.3291 100.851
11.55 3.08487 -9.78082 101.75
11.65 3.5538 -9.13218 102.653
11.75 3.99069 -8.39313 103.555
11.85 4.38459 -7.56902 104.455
11.95 4.73618 -6.66582 105.358
12.05 5.04997 -5.70129 106.255
12.15 5.30799 -4.67939 107.154
12.25 5.51446 -3.60768 108.053
12.35 5.66089 -2.50128 108.953
12.45 5.75251 -1.3702 109.858
12.55 5.7948 -0.229916 110.756
12.65 5.77368 0.915712 111.656
12.75 5.6947 2.05286 112.566
12.85 5.55787 3.16732 113.47
12.95 5.37074 4.24206 114.373
13.05 5.12771 5.27921 115.278
13.15 4.83469 6.26781 116.178
13.25 4.49519 7.19116 117.085
13.35 4.11241 8.04357 117.991
13.45 3.69014 8.81373 118.89
13.55 3.23088 9.49643 119.79
13.65 2.74655 10.0796 120.693
13.75 2.22356 10.5648 121.588
13.85 1.68437 10.9441 122.485
13.95 1.12743 11.2129 123.385
14.05 0.564242 11.3753 124.282
14.15 -0.00922886 11.4138 125.187
14.25 -0.577986 11.3349 126.087
14.35 -1.13025 11.1566 126.987
14.45 -1.6842 10.8601 127.88
14.55 -2.20675 10.4598 128.779
14.65 -2.72127 9.95019 129.674
14.75 -3.1998 9.34596 130.574
14.85 -3.6524 8.64552 131.469
14.95 -4.05694 7.86422 132.37
15.05 -4.43277 6.99127 133.266
15.15 -4.75692 6.05811 134.166
15.25 -5.03747 5.06397 135.062
15.35 -5.26717 4.02118 135.962
15.45 -5.43703 2.92883 136.856
15.55 -5.55658 1.80839 137.755
15.65 -5.61872 0.673113 138.649
15.75 -5.62214 -0.476204 139.547
15.85 -5.56821 -1.61498 140.445
15.95 -5.45679 -2.73022 141.342
16.05 -5.2925 -3.83091 142.242
16.15 -5.08006 -4.89168 143.141
16.25 -4.80683 -5.90263 144.039
16.35 -4.49176 -6.84896 144.941
16.45 -4.12863 -7.72637 145.84
16.55 -3.71932 -8.53884 146.739
16.65 -3.2739 -9.25418 147.637
16.75 -2.79772 -9.88062 148.537
16.85 -2.29779 -10.4053 149.435
16.95 -1.76496 -10.8329 150.334
17.05 -1.22148 -11.1399 151.233
17.15 -0.660346 -11.3449 152.136
17.25 -0.100221 -11.4316 153.039
17.35 0.476291 -11.4096 153.944
17.45 1.04116 -11.2676 154.841
17.55 1.58492 -11.0081 155.747
17.65 2.13317 -10.6425 156.645
17.75 2.65155 -10.1731 157.542
17.85 3.14004 -9.59418 158.442
17.95 3.60073 -8.9267 159.345
18.05 4.02137 -8.16623 160.246
18.15 4.41198 -7.32316 161.145
18.25 4.7582 -6.41335 162.047
18.35 5.05782 -5.4401 162.948
18.45 5.30265 -4.40386 163.852
18.55 5.49354 -3.32593 164.754
18.65 5.6376 -2.21231 165.654
18.75 5.72071 -1.07756 166.553
18.85 5.75566 0.0652323 167.453
18.95 5.73357 1.2056 168.358
19.05 5.66011 2.33595 169.261
19.15 5.51637 3.44324 170.167
19.25 5.32321 4.51204 171.068
19.35 5.08011 5.53976 171.974
19.45 4.78552 6.51865 172.875
19.55 4.4467 7.42973 173.778
19.65 4.05572 8.25911 174.676
19.75 3.62879 9.01392 175.576
19.85 3.15707 9.68023 176.474
19.95 2.66616 10.2488 177.375
20.05 2.14361 10.7189 178.278
20.15 1.61332 11.079 179.184
20.25 1.05149 11.3299 -179.918
20.35 0.486252 11.4708 -179.016
20.45 -0.0867141 11.4938 -178.117
20.55 -0.647684 11.4057 -177.214
20.65 -1.21587 11.2043 -176.311
20.75 -1.7675 10.8862 -175.411
20.85 -2.29608 10.467 -174.51
20.95 -2.80622 9.9355 -173.615
21.05 -3.28257 9.31133 -172.717
21.15 -3.72742 8.59499 -171.815
21.25 -4.13579 7.79058 -170.913
21.35 -4.50086 6.90925 -170.017
21.45 -4.8144 5.95443 -169.118
21.55 -5.09117 4.94758 -168.219
21.65 -5.3072 3.89121 -167.319
21.75 -5.46947 2.79631 -166.425
21.85 -5.57973 1.67856 -165.529
21.95 -5.62771 0.539891 -164.626
22.0499 -5.62054 -0.607899 -163.73
22.1499 -5.55767 -1.74824 -162.833
22.2499 -5.43869 -2.86613 -161.936
22.3499 -5.25775 -3.95116 -161.039
22.4499 -5.03137 -5.00473 -160.137
22.5499 -4.74608 -6.00301 -159.237
22.6499 -4.42168 -6.93956 -158.34
22.7499 -4.05002 -7.8062 -157.442
22.8499 -3.63461 -8.59797 -156.538
22.9499 -3.18 -9.29726 -155.64
23.0499 -2.69936 -9.90919 -154.741
23.1499 -2.18587 -10.4163 -153.842
23.2499 -1.65092 -10.8226 -152.947
23.3499 -1.09551 -11.1193 -152.05
23.4499 -0.529854 -11.3031 -151.154
23.5499 0.0333355 -11.3856 -150.255
23.6499 0.600831 -11.3438 -149.352
23.7499 1.16555 -11.1866 -148.449
23.8499 1.71632 -10.9159 -147.545
23.9499 2.24824 -10.5496 -146.644
24.0499 2.76141 -10.0664 -145.742
24.1499 3.25123 -9.48117 -144.838
24.2499 3.69506 -8.81802 -143.945
24.3499 4.12276 -8.04941 -143.046
24.4499 4.49831 -7.20818 -142.149
24.5499 4.83665 -6.28496 -141.249
24.6499 5.12419 -5.30905 -140.35
24.7499 5.36687 -4.26606 -139.456
24.8499 5.55198 -3.19201 -138.555
24.9499 5.6855 -2.07809 -137.654
25.0499 5.75176 -0.951129 -136.755
25.1499 5.76573 0.187495 -135.855
25.2499 5.72937 1.32739 -134.955
25.3499 5.62949 2.45413 -134.052
25.4499 5.47293 3.55335 -133.153
25.5499 5.2654 4.62429 -132.256
25.6499 5.00088 5.64824 -131.363
25.7499 4.69118 6.6165 -130.464
25.8499 4.33083 7.52168 -129.568
25.9499 3.93387 8.34774 -128.666
26.0499 3.49508 9.09256 -127.763
26.1499 3.02486 9.74415 -126.866
26.2499 2.52074 10.2984 -125.966
26.3499 1.99266 10.7504 -125.065
26.4499 1.44687 11.0999 -124.173
26.5499 0.88864 11.3339 -123.273
26.6499 0.324485 11.4518 -122.376
26.7499 -0.249994 11.454 -121.476
26.8499 -0.814645 11.3414 -120.573
26.9499 -1.37266 11.1182 -119.668
27.0499 -1.92061 10.7838 -118.766
27.1499 -2.44748 10.3389 -117.865
27.2499 -2.95064 9.79144 -116.971
27.3499 -3.42713 9.1486 -116.074
27.4499 -3.86767 8.40806 -115.173
27.5499 -4.2722 7.59 -114.271
27.6499 -4.62923 6.70178 -113.372
27.7499 -4.94088 5.74115 -112.473
27.8499 -5.19679 4.71637 -111.572
27.9499 -5.40869 3.649 -110.674
28.0499 -5.56724 2.54854 -109.776
28.1499 -5.66411 1.41667 -108.875
28.2499 -5.70345 0.267349 -107.978
28.3499 -5.69035 -0.877786 -107.076
28.4499 -5.61657 -2.01785 -106.178
28.5498 -5.49074 -3.1376 -105.279
28.6498 -5.30666 -4.22065 -104.377
28.7498 -5.06766 -5.26456 -103.478
28.8498 -4.78107 -6.25886 -102.579
28.9498 -4.44686 -7.19085 -101.684
29.0498 -4.06493 -8.04222 -100.79
29.1498 -3.64329 -8.81398 -99.8885
29.2498 -3.17984 -9.4999 -98.9912
29.3498 -2.68933 -10.0927 -98.0944
29.4498 -2.17462 -10.5824 -97.1933
29.5498 -1.63769 -10.966 -96.2877
29.6498 -1.08301 -11.2414 -95.3825
29.7498 -0.512456 -11.4063 -94.4881
29.8498 0.0550228 -11.4666 -93.5909
29.9498 0.628902 -11.4074 -92.694
30.0498 1.19129 -11.2312 -91.7975
30.1498 1.74052 -10.9402 -90.8961
30.2498 2.27503 -10.5411 -89.9916
30.3498 2.78836 -10.0362 -89.0916
30.4498 3.27489 -9.43497 -88.2023
30.5498 3.72453 -8.74285 -87.3015
30.6498 4.1439 -7.95867 -86.3981
30.7498 4.52009 -7.09748 -85.4969
30.8498 4.85136 -6.15545 -84.5958
30.9498 5.13818 -5.15634 -83.7001
31.0498 5.3722 -4.10783 -82.7968
31.1498 5.55118 -3.01762 -81.8942
31.2498 5.67265 -1.89943 -80.994
31.3498 5.74433 -0.76241 -80.1003
31.4498 5.75461 0.385123 -79.2042
31.5498 5.71116 1.53035 -78.2977
31.6498 5.61002 2.65823 -77.4007
31.7498 5.44432 3.76258 -76.4986
31.8498 5.22771 4.82606 -75.5992
31.9498 4.9624 5.83579 -74.7006
32.0498 4.64218 6.79506 -73.7968
32.1498 4.27959 7.68393 -72.8918
32.2498 3.87611 8.48641 -71.9924
32.3498 3.43567 9.20761 -71.092
32.4498 2.96113 9.84724 -70.1957
32.5498 2.45365 10.391 -69.3006
32.6498 1.92412 10.8171 -68.3987
32.7498 1.37465 11.1443 -67.4963
32.8498 0.820368 11.3515 -66.5963
32.9498 0.246691 11.4514 -65.7008
33.0498 -0.324207 11.436 -64.7991
33.1498 -0.892767 11.3076 -63.8982
33.2498 -1.44811 11.061 -62.9994
33.3498 -1.99088 10.7048 -62.1011
33.4498 -2.51186 10.2379 -61.2001
33.5498 -3.01344 9.67903 -60.2998
33.6498 -3.48112 9.01976 -59.4021
33.7498 -3.91948 8.27133 -58.502
33.8498 -4.3086 7.4398 -57.6048
33.9498 -4.66367 6.53241 -56.7087
34.0498 -4.96686 5.556 -55.8045
34.1498 -5.22184 4.52702 -54.9054
34.2498 -5.41826 3.45219 -54.0126
34.3498 -5.56642 2.34556 -53.1106
34.4498 -5.65431 1.21073 -52.2131
34.5498 -5.68391 0.0684959 -51.3142
34.6498 -5.66111 -1.08224 -50.4163
34.7498 -5.57912 -2.2191 -49.5178
34.8498 -5.44392 -3.32825 -48.6215
34.9498 -5.24447 -4.40885 -47.7224
35.0498 -4.99654 -5.44944 -46.8242
35.1497 -4.69802 -6.4315 -45.9264
35.2497 -4.34941 -7.34989 -45.0261
35.3497 -3.96023 -8.19512 -44.1264
35.4497 -3.53263 -8.95501 -43.2277
35.5497 -3.06759 -9.63052 -42.3314
35.6497 -2.57712 -10.2063 -41.4336
35.7497 -2.05536 -10.6855 -40.5329
35.8497 -1.51038 -11.0529 -39.6271
35.9497 -0.945649 -11.3136 -38.7257
36.0497 -0.369058 -11.4565 -37.821
36.1497 0.201844 -11.4918 -36.9192
36.2497 0.770582 -11.4101 -36.0212
36.3497 1.3375 -11.2142 -35.1236
36.4497 1.8873 -10.9078 -34.2222
36.5497 2.41343 -10.5 -33.3174
36.6497 2.92422 -9.9768 -32.417
36.7497 3.40509 -9.35876 -31.5167
36.8497 3.8562 -8.64551 -30.6189
36.9497 4.26761 -7.84655 -29.7214
37.0497 4.63906 -6.96587 -28.8243
37.1497 4.95797 -6.01917 -27.917
37.2497 5.23098 -5.01472 -27.0123
37.3497 5.4537 -3.9609 -26.1094
37.4497 5.61978 -2.86655 -25.2093
37.5497 5.73207 -1.7439 -24.3104
37.6497 5.79037 -0.603548 -23.4087
37.7497 5.78199 0.545298 -22.5109
37.8497 5.71743 1.68618 -21.616
37.9497 5.60168 2.81287 -20.7129
38.0497 5.43053 3.90644 -19.8117
38.1497 5.20619 4.96082 -18.9034
38.2497 4.92805 5.96477 -18.008
38.3497 4.60332 6.90638 -17.1085
38.4497 4.23361 7.78315 -16.2106
38.5497 3.8209 8.58452 -15.3085
38.6497 3.37286 9.29984 -14.4114
38.7497 2.88923 9.92108 -13.5093
38.8497 2.37748 10.4374 -12.6063
38.9497 1.84299 10.8557 -11.7063
39.0497 1.29343 11.1598 -10.8029
39.1497 0.724025 11.3577 -9.90242
39.2497 0.153717 11.436 -9.00267
39.3497 -0.41938 11.3985 -8.10105
39.4497 -0.989962 11.2551 -7.20495
39.5497 -1.5503 10.9977 -6.30682
39.6497 -2.09345 10.6229 -5.41012
39.7497 -2.61536 10.1456 -4.51145
39.8497 -3.10748 9.56609 -3.61449
39.9497 -3.5737 8.89472 -2.71436
