1.233333 0.002667 -0.002208 0.000270
1.333333 0.002703 -0.002289 0.000127
1.433333 0.002560 -0.001853 0.000268
1.533333 0.002305 -0.001604 0.000241
1.633333 0.002248 -0.001537 0.000292
1.733333 0.002376 -0.001807 -0.000023
1.833333 0.002244 -0.002044 -0.000043
1.933333 0.001858 -0.001977 0.000255
2.033333 0.001672 -0.001949 0.000154
2.133333 0.001066 -0.001875 0.000361
2.233333 0.000947 -0.001789 0.000627
2.333333 0.000442 -0.001731 0.000736
2.433332 0.000365 -0.001894 0.000533
2.533332 0.000271 -0.001762 0.000385
2.633332 -0.000220 -0.001581 0.000454
2.733332 -0.000181 -0.001328 0.000424
2.833332 -0.000533 -0.001079 0.000522
2.933332 -0.000655 -0.000836 0.000600
3.033332 -0.000707 -0.000620 0.000696
3.133332 -0.000680 -0.000596 0.000758
3.233332 -0.000590 -0.000490 0.000837
3.333332 -0.000497 -0.000445 0.000872
3.433331 -0.000396 -0.000544 0.000828
3.533331 -0.000301 -0.000594 0.000757
3.633331 -0.000325 -0.000645 0.000734
3.733331 -0.000323 -0.000757 0.000713
3.833331 -0.000241 -0.000861 0.000606
3.933331 -0.000201 -0.000871 0.000521
4.033331 -0.000201 -0.000765 0.000560
4.133331 -0.000191 -0.000713 0.000530
4.233331 -0.000103 -0.000773 0.000469
4.333331 -0.000113 -0.000953 0.000409
4.433331 -0.000083 -0.001000 0.000357
4.533330 -0.000057 -0.001072 0.000232
4.633330 -0.000073 -0.001046 0.000244
4.733330 -0.000089 -0.001027 0.000246
4.833330 -0.000040 -0.001049 0.000120
4.933330 -0.000022 -0.001036 0.000121
5.033330 -0.000041 -0.001035 0.000002
5.133330 -0.000071 -0.001028 -0.000000
5.233330 -0.000080 -0.000967 -0.000128
5.333330 -0.000062 -0.000938 -0.000133
5.433330 -0.000076 -0.000894 -0.000202
5.533329 -0.000060 -0.000865 -0.000213
5.633329 -0.000027 -0.000877 -0.000298
5.733329 -0.000039 -0.000934 -0.000316
5.833329 -0.000064 -0.000870 -0.000379
5.933329 -0.000119 -0.000826 -0.000445
6.033329 -0.000140 -0.000773 -0.000529
6.133329 -0.000153 -0.000760 -0.000563
6.233329 -0.000155 -0.000720 -0.000590
6.333329 -0.000122 -0.000720 -0.000612
6.433329 -0.000084 -0.000707 -0.000622
6.533329 -0.000059 -0.000669 -0.000588
6.633328 -0.000059 -0.000645 -0.000527
6.733328 -0.000076 -0.000660 -0.000472
6.833328 -0.000088 -0.000612 -0.000512
6.933328 -0.000111 -0.000621 -0.000523
7.033328 -0.000132 -0.000656 -0.000531
7.133328 -0.000155 -0.000668 -0.000512
7.233328 -0.000208 -0.000653 -0.000562
7.333328 -0.000230 -0.000667 -0.000580
7.433328 -0.000235 -0.000621 -0.000603
7.533328 -0.000302 -0.000587 -0.000699
7.633327 -0.000291 -0.000602 -0.000687
7.733327 -0.000301 -0.000550 -0.000695
7.833327 -0.000368 -0.000461 -0.000808
7.933327 -0.000384 -0.000499 -0.000800
8.033327 -0.000433 -0.000481 -0.000896
8.133328 -0.000466 -0.000462 -0.000930
8.233330 -0.000516 -0.000497 -0.000997
8.333331 -0.000544 -0.000526 -0.001036
8.433332 -0.000618 -0.000510 -0.001078
8.533334 -0.000602 -0.000432 -0.001050
8.633335 -0.000630 -0.000417 -0.001073
8.733336 -0.000633 -0.000428 -0.001092
8.833338 -0.000669 -0.000383 -0.001104
8.933339 -0.000712 -0.000386 -0.001082
9.033340 -0.000777 -0.000383 -0.001060
9.133342 -0.000798 -0.000386 -0.001077
9.233343 -0.000801 -0.000405 -0.001073
9.333344 -0.000785 -0.000444 -0.001043
9.433346 -0.000756 -0.000451 -0.001029
9.533347 -0.000719 -0.000449 -0.001032
9.633348 -0.000704 -0.000449 -0.001052
9.733350 -0.000705 -0.000397 -0.001026
9.833351 -0.000684 -0.000419 -0.001026
9.933352 -0.000649 -0.000438 -0.001041
10.033354 -0.000635 -0.000422 -0.001028
10.133355 -0.000596 -0.000401 -0.001030
10.233356 -0.000553 -0.000391 -0.001044
10.333358 -0.000520 -0.000392 -0.001051
10.433359 -0.000527 -0.000401 -0.001046
10.533360 -0.000489 -0.000432 -0.001053
10.633362 -0.000470 -0.000451 -0.001096
10.733363 -0.000426 -0.000451 -0.001141
10.833364 -0.000432 -0.000427 -0.001164
10.933366 -0.000441 -0.000412 -0.001209
11.033367 -0.000459 -0.000401 -0.001255
11.133368 -0.000474 -0.000369 -0.001289
11.233370 -0.000485 -0.000351 -0.001343
11.333371 -0.000501 -0.000333 -0.001378
11.433372 -0.000520 -0.000324 -0.001381
11.533374 -0.000524 -0.000293 -0.001358
11.633375 -0.000562 -0.000254 -0.001335
11.733377 -0.000583 -0.000216 -0.001339
11.833378 -0.000630 -0.000203 -0.001358
11.933379 -0.000655 -0.000190 -0.001363
12.033381 -0.000666 -0.000180 -0.001346
12.133382 -0.000657 -0.000173 -0.001342
12.233383 -0.000653 -0.000171 -0.001355
12.333385 -0.000650 -0.000187 -0.001365
12.433386 -0.000644 -0.000219 -0.001355
12.533387 -0.000623 -0.000253 -0.001339
12.633389 -0.000608 -0.000283 -0.001315
12.733390 -0.000602 -0.000291 -0.001286
12.833391 -0.000594 -0.000280 -0.001286
12.933393 -0.000608 -0.000251 -0.001295
13.033394 -0.000591 -0.000263 -0.001267
13.133395 -0.000553 -0.000271 -0.001236
13.233397 -0.000562 -0.000264 -0.001245
13.333398 -0.000544 -0.000265 -0.001256
13.433399 -0.000516 -0.000278 -0.001230
13.533401 -0.000543 -0.000277 -0.001220
13.633402 -0.000504 -0.000304 -0.001183
13.733403 -0.000506 -0.000313 -0.001170
13.833405 -0.000506 -0.000334 -0.001117
13.933406 -0.000511 -0.000334 -0.001060
14.033407 -0.000512 -0.000326 -0.001007
14.133409 -0.000502 -0.000323 -0.000946
14.233410 -0.000484 -0.000332 -0.000915
14.333411 -0.000461 -0.000320 -0.000893
14.433413 -0.000453 -0.000303 -0.000919
14.533414 -0.000431 -0.000256 -0.000906
14.633415 -0.000446 -0.000258 -0.000905
14.733417 -0.000438 -0.000226 -0.000890
14.833418 -0.000438 -0.000204 -0.000886
14.933419 -0.000435 -0.000170 -0.000873
15.033421 -0.000425 -0.000142 -0.000858
15.133422 -0.000413 -0.000134 -0.000855
15.233423 -0.000403 -0.000129 -0.000853
15.333425 -0.000396 -0.000126 -0.000854
15.433426 -0.000394 -0.000110 -0.000852
15.533427 -0.000397 -0.000116 -0.000856
15.633429 -0.000407 -0.000119 -0.000842
15.733430 -0.000402 -0.000122 -0.000814
15.833431 -0.000388 -0.000115 -0.000801
15.933433 -0.000384 -0.000125 -0.000774
16.033432 -0.000395 -0.000126 -0.000779
16.133430 -0.000391 -0.000143 -0.000769
16.233429 -0.000397 -0.000154 -0.000774
16.333427 -0.000393 -0.000184 -0.000795
16.433426 -0.000400 -0.000215 -0.000805
16.533424 -0.000398 -0.000204 -0.000808
16.633423 -0.000390 -0.000250 -0.000831
16.733421 -0.000391 -0.000289 -0.000829
16.833420 -0.000379 -0.000346 -0.000849
16.933418 -0.000353 -0.000360 -0.000876
17.033417 -0.000341 -0.000384 -0.000880
17.133415 -0.000309 -0.000409 -0.000884
17.233414 -0.000286 -0.000422 -0.000881
17.333412 -0.000278 -0.000440 -0.000865
17.433411 -0.000281 -0.000452 -0.000849
17.533409 -0.000270 -0.000493 -0.000825
17.633408 -0.000268 -0.000514 -0.000809
17.733406 -0.000266 -0.000495 -0.000808
17.833405 -0.000263 -0.000502 -0.000792
17.933403 -0.000261 -0.000498 -0.000804
18.033401 -0.000283 -0.000491 -0.000797
18.133400 -0.000277 -0.000504 -0.000794
18.233398 -0.000273 -0.000500 -0.000789
18.333397 -0.000281 -0.000497 -0.000796
18.433395 -0.000281 -0.000481 -0.000810
18.533394 -0.000274 -0.000461 -0.000825
18.633392 -0.000256 -0.000444 -0.000834
18.733391 -0.000234 -0.000417 -0.000817
18.833389 -0.000237 -0.000385 -0.000817
18.933388 -0.000202 -0.000367 -0.000801
19.033386 -0.000205 -0.000370 -0.000781
19.133385 -0.000173 -0.000344 -0.000763
19.233383 -0.000168 -0.000328 -0.000771
19.333382 -0.000123 -0.000319 -0.000751
19.433380 -0.000128 -0.000345 -0.000731
19.533379 -0.000105 -0.000340 -0.000708
19.633377 -0.000106 -0.000342 -0.000721
19.733376 -0.000105 -0.000334 -0.000722
19.833374 -0.000079 -0.000325 -0.000721
19.933372 -0.000059 -0.000314 -0.000713
