1.234999 18.88509 12.56651 4.32699 -0.00208 0.09566 0.19037 0.97704 1.233333 -0.624191 6.141826 -1.365240 -0.000738 0.095114 0.154333 0.983430
1.334999 18.69999 13.14429 4.13137 -0.00884 0.09737 0.20606 0.97364 1.333333 -0.765557 6.740685 -1.557657 -0.006462 0.097532 0.169882 0.980605
1.434999 18.50136 13.71404 4.02078 -0.01554 0.09792 0.22175 0.97005 1.433333 -0.919617 7.338161 -1.668275 -0.012803 0.098489 0.185656 0.977583
1.534999 18.28942 14.27519 4.00604 -0.02209 0.09731 0.23742 0.96627 1.533333 -1.091881 7.935646 -1.693793 -0.019306 0.097863 0.201424 0.974412
1.634999 18.06435 14.82719 4.08860 -0.02839 0.09555 0.25306 0.96230 1.633333 -1.279057 8.521402 -1.622431 -0.025847 0.095951 0.217379 0.971016
1.734999 17.82640 15.36949 4.26037 -0.03434 0.09267 0.26863 0.95816 1.733333 -1.478697 9.076038 -1.452144 -0.032332 0.092822 0.233096 0.967474
1.834998 17.57578 15.90155 4.50454 -0.03985 0.08870 0.28413 0.95384 1.833333 -1.685924 9.592536 -1.201885 -0.038412 0.088957 0.249032 0.963636
1.934998 17.31276 16.42286 4.79721 -0.04484 0.08371 0.29952 0.94935 1.933333 -1.904689 10.107247 -0.900716 -0.043537 0.083810 0.264681 0.959700
2.034999 17.03758 16.93290 5.10973 -0.04922 0.07775 0.31480 0.94469 2.033333 -2.141649 10.635495 -0.583585 -0.048175 0.077605 0.279885 0.955678
2.135001 16.75052 17.43117 5.41152 -0.05292 0.07090 0.32995 0.93984 2.133333 -2.393233 11.157439 -0.279761 -0.051908 0.070620 0.295479 0.951320
2.235004 16.45186 17.91717 5.67302 -0.05589 0.06326 0.34495 0.93482 2.233333 -2.661144 11.677285 -0.017499 -0.055174 0.062389 0.310745 0.946837
2.335006 16.14190 18.39042 5.86864 -0.05806 0.05492 0.35979 0.92960 2.333333 -2.933867 12.174304 0.193679 -0.056807 0.053365 0.325300 0.942393
2.435008 15.82094 18.85046 5.97923 -0.05940 0.04599 0.37446 0.92419 2.433332 -3.222087 12.659937 0.319448 -0.058284 0.043418 0.340178 0.937548
2.535011 15.48930 19.29683 5.99396 -0.05987 0.03657 0.38896 0.91858 2.533332 -3.514855 13.124032 0.346520 -0.058210 0.034541 0.354654 0.932544
2.635013 15.14731 19.72908 5.91139 -0.05946 0.02680 0.40327 0.91275 2.633332 -3.814188 13.568108 0.279717 -0.057140 0.025357 0.369167 0.927258
2.735015 14.79531 20.14680 5.73960 -0.05815 0.01680 0.41741 0.90670 2.733332 -4.124924 13.996500 0.114997 -0.055901 0.016401 0.383346 0.921766
2.835017 14.43364 20.54958 5.49541 -0.05597 0.00668 0.43136 0.90042 2.833332 -4.446126 14.409031 -0.112917 -0.053202 0.007113 0.397750 0.915923
2.935020 14.06266 20.93700 5.20273 -0.05291 -0.00341 0.44514 0.89389 2.933332 -4.777153 14.806039 -0.393905 -0.050096 -0.001816 0.411661 0.909957
3.035022 13.68273 21.30870 4.89020 -0.04903 -0.01336 0.45876 0.88710 3.033332 -5.122321 15.194563 -0.696853 -0.045713 -0.010951 0.425627 0.903677
3.135024 13.29423 21.66430 4.58842 -0.04435 -0.02305 0.47222 0.88006 3.133332 -5.485851 15.584137 -0.990523 -0.041137 -0.020644 0.439291 0.897165
3.235027 12.89755 22.00346 4.32693 -0.03894 -0.03235 0.48554 0.87275 3.233332 -5.860729 15.957406 -1.246425 -0.035984 -0.029735 0.453071 0.890251
3.335029 12.49308 22.32583 4.13132 -0.03286 -0.04115 0.49872 0.86516 3.333332 -6.246464 16.317537 -1.438459 -0.030394 -0.039135 0.466488 0.883138
3.435031 12.08121 22.63111 4.02076 -0.02619 -0.04935 0.51178 0.85730 3.433331 -6.638787 16.658413 -1.548623 -0.024463 -0.047969 0.479732 0.875761
3.535033 11.66235 22.91898 4.00605 -0.01901 -0.05685 0.52473 0.84916 3.533331 -7.036351 16.976279 -1.564358 -0.018493 -0.055712 0.492970 0.868064
3.635036 11.23692 23.18917 4.08864 -0.01143 -0.06356 0.53758 0.84073 3.633331 -7.441233 17.274533 -1.482131 -0.011494 -0.062551 0.506239 0.860045
3.735038 10.80533 23.44141 4.26045 -0.00354 -0.06941 0.55035 0.83204 3.733331 -7.852974 17.555689 -1.309894 -0.003576 -0.068632 0.519409 0.851758
3.835040 10.36801 23.67545 4.50465 0.00456 -0.07433 0.56303 0.82308 3.833331 -8.267290 17.815624 -1.066377 0.003990 -0.073682 0.532229 0.843378
3.935043 9.92539 23.89106 4.79734 0.01274 -0.07827 0.57564 0.81385 3.933331 -8.686100 18.056228 -0.774279 0.011545 -0.077336 0.545025 0.834766
4.035045 9.47792 24.08802 5.10987 0.02091 -0.08119 0.58818 0.80437 4.033331 -9.111698 18.281387 -0.466479 0.019121 -0.079464 0.557869 0.825895
4.135047 9.02602 24.26614 5.41165 0.02895 -0.08307 0.60065 0.79466 4.133331 -9.536314 18.486568 -0.168144 0.026719 -0.080743 0.570347 0.816989
4.235049 8.57015 24.42525 5.67313 0.03674 -0.08389 0.61305 0.78472 4.233331 -9.965435 18.674137 0.092782 0.033855 -0.081855 0.583280 0.807426
4.335052 8.11075 24.56519 5.86871 0.04418 -0.08366 0.62538 0.77457 4.333331 -10.399694 18.840101 0.289829 0.041177 -0.081953 0.595588 0.798037
4.435054 7.64829 24.68582 5.97926 0.05116 -0.08239 0.63762 0.76422 4.433331 -10.836302 18.991179 0.398609 0.047749 -0.080474 0.608143 0.788294
4.535056 7.18321 24.78703 5.99394 0.05759 -0.08011 0.64978 0.75369 4.533330 -11.279167 19.127308 0.411055 0.053868 -0.078333 0.620496 0.778426
4.635058 6.71598 24.86870 5.91133 0.06337 -0.07686 0.66184 0.74300 4.633330 -11.733770 19.239986 0.328610 0.059517 -0.075338 0.633058 0.768127
4.735061 6.24706 24.93076 5.73950 0.06841 -0.07269 0.67378 0.73216 4.733330 -12.191592 19.335576 0.156822 0.064723 -0.071499 0.645209 0.757895
4.835063 5.77690 24.97316 5.49529 0.07264 -0.06766 0.68559 0.72119 4.833330 -12.656113 19.416062 -0.090186 0.069119 -0.066985 0.657490 0.747290
4.935065 5.30598 24.99584 5.20259 0.07599 -0.06186 0.69726 0.71009 4.933330 -13.127524 19.470168 -0.382151 0.072632 -0.061669 0.669740 0.736457
5.035068 4.83475 24.99879 4.89005 0.07842 -0.05536 0.70876 0.69889 5.033330 -13.600661 19.510218 -0.697381 0.074923 -0.055656 0.681671 0.725681
5.135070 4.36369 24.98200 4.58829 0.07987 -0.04826 0.72009 0.68758 5.133330 -14.065832 19.525223 -0.999538 0.076729 -0.048560 0.693356 0.714851
5.235072 3.89325 24.94549 4.32682 0.08031 -0.04066 0.73122 0.67617 5.233330 -14.540301 19.525434 -1.265887 0.077257 -0.041100 0.705065 0.703722
5.335074 3.42391 24.88929 4.13125 0.07973 -0.03265 0.74214 0.66468 5.333330 -15.018125 19.501630 -1.462634 0.077286 -0.033444 0.716650 0.692330
5.435077 2.95613 24.81347 4.02073 0.07812 -0.02436 0.75284 0.65310 5.433330 -15.499934 19.466067 -1.576262 0.076131 -0.025623 0.727859 0.681005
5.535079 2.49036 24.71809 4.00607 0.07548 -0.01590 0.76330 0.64142 5.533329 -15.973409 19.403427 -1.594534 0.073797 -0.017025 0.738896 0.669549
5.635081 2.02707 24.60325 4.08870 0.07185 -0.00738 0.77351 0.62965 5.633329 -16.440971 19.330242 -1.515607 0.070348 -0.008522 0.749245 0.658491
5.735084 1.56671 24.46906 4.26055 0.06724 0.00109 0.78347 0.61778 5.733329 -16.900283 19.232612 -1.345226 0.065879 0.000179 0.759642 0.646997
5.835086 1.10974 24.31566 4.50478 0.06172 0.00938 0.79316 0.60581 5.833329 -17.365212 19.120647 -1.102012 0.060401 0.008683 0.769619 0.635581
5.935088 0.65661 24.14320 4.79748 0.05534 0.01740 0.80258 0.59371 5.933329 -17.828848 18.986991 -0.806096 0.054365 0.016672 0.779531 0.623777
6.035090 0.20776 23.95184 5.11002 0.04817 0.02504 0.81174 0.58149 6.033329 -18.286825 18.833782 -0.491524 0.047697 0.024861 0.788971 0.612072
6.135093 -0.23635 23.74178 5.41178 0.04030 0.03219 0.82063 0.56913 6.133329 -18.744344 18.660554 -0.187231 0.040530 0.032412 0.798456 0.599812
6.235095 -0.67530 23.51323 5.67323 0.03182 0.03877 0.82926 0.55661 6.233329 -19.196253 18.469117 0.075005 0.032291 0.039411 0.807430 0.587759
6.335097 -1.10864 23.26640 5.86878 0.02282 0.04469 0.83762 0.54394 6.333329 -19.642920 18.259647 0.271560 0.023604 0.045716 0.816203 0.575469
6.435100 -1.53596 23.00154 5.97929 0.01343 0.04988 0.84574 0.53109 6.433329 -20.088352 18.031334 0.381523 0.014472 0.051473 0.824878 0.562777
6.535102 -1.95683 22.71892 5.99393 0.00376 0.05429 0.85362 0.51805 6.533329 -20.533332 17.781509 0.394407 0.005121 0.056244 0.833420 0.549747
6.635104 -2.37083 22.41881 5.91127 -0.00608 0.05785 0.86126 0.50483 6.633328 -20.973338 17.511904 0.311439 -0.004599 0.059593 0.841701 0.536625
6.735106 -2.77755 22.10151 5.73941 -0.01596 0.06054 0.86868 0.49141 6.733328 -21.408947 17.222314 0.140543 -0.014296 0.062103 0.849642 0.523496
6.835109 -3.17660 21.76733 5.49516 -0.02575 0.06233 0.87588 0.47779 6.833328 -21.827096 16.923141 -0.107157 -0.024507 0.064598 0.857194 0.510338
6.935111 -3.56758 21.41661 5.20245 -0.03533 0.06321 0.88289 0.46397 6.933328 -22.238777 16.603616 -0.398693 -0.033835 0.065909 0.864545 0.497065
7.035113 -3.95011 21.04968 4.88991 -0.04458 0.06318 0.88970 0.44995 7.033328 -22.646624 16.267953 -0.711131 -0.043400 0.066125 0.871900 0.483254
7.135116 -4.32380 20.66691 4.58815 -0.05338 0.06225 0.89633 0.43574 7.133328 -23.054068 15.911638 -1.012032 -0.051931 0.065517 0.879214 0.469035
7.235118 -4.68829 20.26868 4.32671 -0.06162 0.06044 0.90278 0.42135 7.233328 -23.445950 15.538523 -1.269380 -0.060158 0.063859 0.885926 0.455454
7.335120 -5.04322 19.85538 4.13118 -0.06918 0.05781 0.90906 0.40679 7.333328 -23.831793 15.153106 -1.466637 -0.067939 0.061548 0.892893 0.440837
7.435122 -5.38823 19.42742 4.02070 -0.07597 0.05439 0.91518 0.39207 7.433328 -24.204015 14.753499 -1.580898 -0.075031 0.058756 0.899461 0.426483
7.535125 -5.72300 18.98522 4.00608 -0.08190 0.05024 0.92113 0.37721 7.533328 -24.569131 14.333892 -1.587165 -0.080494 0.054824 0.905996 0.411930
7.635127 -6.04718 18.52922 4.08876 -0.08689 0.04544 0.92692 0.36223 7.633327 -24.921969 13.905553 -1.505302 -0.085844 0.050648 0.912254 0.397313
7.735129 -6.36045 18.05987 4.26064 -0.09087 0.04006 0.93254 0.34714 7.733327 -25.267539 13.462907 -1.337319 -0.090389 0.045248 0.918435 0.382440
7.835132 -6.66252 17.57762 4.50490 -0.09379 0.03418 0.93800 0.33196 7.833327 -25.611191 12.996810 -1.085985 -0.092994 0.038975 0.924688 0.367132
7.935134 -6.95308 17.08297 4.79763 -0.09560 0.02789 0.94328 0.31672 7.933327 -25.940454 12.523562 -0.793054 -0.095025 0.032580 0.930623 0.351924
8.035136 -7.23184 16.57639 5.11016 -0.09628 0.02129 0.94837 0.30144 8.033327 -26.258902 12.037116 -0.473320 -0.095560 0.025866 0.936381 0.336733
8.135139 -7.49852 16.05838 5.41191 -0.09582 0.01448 0.95328 0.28613 8.133328 -26.569842 11.536118 -0.168795 -0.095317 0.018773 0.942016 0.321199
8.235141 -7.75288 15.52946 5.67334 -0.09420 0.00755 0.95798 0.27080 8.233330 -26.863222 11.027937 0.098959 -0.093728 0.011336 0.947306 0.306102
8.335143 -7.99464 14.99015 5.86885 -0.09146 0.00062 0.96248 0.25548 8.333331 -27.142766 10.507754 0.299679 -0.091305 0.004177 0.952415 0.290778
8.435145 -8.22359 14.44098 5.97932 -0.08760 -0.00622 0.96675 0.24018 8.433332 -27.417999 9.973492 0.412978 -0.087682 -0.002653 0.957314 0.275416
8.535148 -8.43948 13.88249 5.99391 -0.08268 -0.01287 0.97078 0.22489 8.533334 -27.676337 9.430471 0.429032 -0.083171 -0.009377 0.961885 0.260329
8.635150 -8.64210 13.31523 5.91121 -0.07675 -0.01922 0.97457 0.20964 8.633335 -27.920341 8.883092 0.348142 -0.077345 -0.015901 0.966181 0.245476
8.735152 -8.83127 12.73977 5.73931 -0.06988 -0.02519 0.97810 0.19443 8.733336 -28.148779 8.325981 0.180530 -0.070704 -0.022132 0.970290 0.230324
8.835155 -9.00678 12.15667 5.49504 -0.06215 -0.03069 0.98136 0.17925 8.833338 -28.365402 7.765077 -0.067739 -0.063841 -0.027917 0.974037 0.215399
8.935157 -9.16847 11.56651 5.20230 -0.05365 -0.03563 0.98434 0.16410 8.933339 -28.573140 7.186216 -0.363328 -0.055241 -0.033398 0.977654 0.200062
9.035159 -9.31618 10.96987 4.88977 -0.04447 -0.03995 0.98703 0.14897 9.033340 -28.765462 6.600538 -0.677933 -0.046327 -0.037883 0.980906 0.185047
9.135161 -9.44975 10.36733 4.58802 -0.03474 -0.04358 0.98943 0.13387 9.133342 -28.941294 6.013650 -0.982907 -0.036823 -0.041339 0.983812 0.170440
9.235164 -9.56907 9.75950 4.32661 -0.02457 -0.04647 0.99153 0.11877 9.233343 -29.104119 5.416974 -1.246032 -0.026600 -0.044478 0.986505 0.155313
9.335166 -9.67401 9.14697 4.13111 -0.01408 -0.04857 0.99333 0.10367 9.333344 -29.254730 4.811325 -1.441705 -0.015875 -0.046797 0.988901 0.140119
9.435168 -9.76446 8.53035 4.02067 -0.00339 -0.04987 0.99482 0.08855 9.433346 -29.389727 4.203757 -1.553571 -0.005528 -0.048688 0.990902 0.125350
9.535171 -9.84035 7.91024 4.00610 0.00735 -0.05034 0.99600 0.07340 9.533347 -29.510395 3.590659 -1.569922 0.005290 -0.049368 0.992655 0.110324
9.635173 -9.90159 7.28726 4.08882 0.01802 -0.04998 0.99689 0.05821 9.633348 -29.617214 2.974006 -1.487131 0.015952 -0.049982 0.994067 0.095281
9.735175 -9.94812 6.66202 4.26074 0.02850 -0.04880 0.99748 0.04297 9.733350 -29.710239 2.348880 -1.317795 0.026263 -0.049243 0.995263 0.079605
9.835177 -9.97990 6.03515 4.50503 0.03865 -0.04681 0.99777 0.02767 9.833351 -29.787181 1.725423 -1.072444 0.036984 -0.047570 0.996100 0.064447
9.935180 -9.99689 5.40725 4.79777 0.04834 -0.04406 0.99778 0.01229 9.933352 -29.848345 1.101590 -0.777511 0.046920 -0.045015 0.996678 0.049041
10.035182 -9.99908 4.77895 5.11030 0.05747 -0.04058 0.99752 -0.00317 10.033354 -29.895553 0.473762 -0.465116 0.055977 -0.041871 0.996990 0.033525
10.135184 -9.98647 4.15087 5.41204 0.06591 -0.03642 0.99699 -0.01870 10.133355 -29.929678 -0.155976 -0.161954 0.064403 -0.038163 0.997031 0.018047
10.235187 -9.95907 3.52362 5.67345 0.07357 -0.03167 0.99620 -0.03432 10.233356 -29.947988 -0.783321 0.102381 0.072423 -0.033342 0.996814 0.002297
10.335189 -9.91691 2.89783 5.86893 0.08036 -0.02638 0.99516 -0.05002 10.333358 -29.950669 -1.411734 0.300418 0.079475 -0.028814 0.996328 -0.013529
10.435191 -9.86003 2.27412 5.97934 0.08619 -0.02064 0.99389 -0.06579 10.433359 -29.936731 -2.039807 0.413919 0.085613 -0.023093 0.995624 -0.029482
10.535193 -9.78848 1.65310 5.99389 0.09099 -0.01453 0.99239 -0.08163 10.533360 -29.910490 -2.667280 0.432919 0.090922 -0.017152 0.994677 -0.045359
10.635196 -9.70233 1.03538 5.91115 0.09471 -0.00816 0.99068 -0.09752 10.633362 -29.868239 -3.287441 0.355319 0.094753 -0.010660 0.993568 -0.061087
10.735198 -9.60167 0.42157 5.73921 0.09730 -0.00161 0.98877 -0.11345 10.733363 -29.815427 -3.906334 0.184743 0.097245 -0.004648 0.992259 -0.077090
10.835200 -9.48661 -0.18771 5.49491 0.09875 0.00502 0.98665 -0.12940 10.833364 -29.746513 -4.519824 -0.059637 0.098880 0.001484 0.990726 -0.093185
10.935203 -9.35724 -0.79188 5.20216 0.09902 0.01162 0.98434 -0.14535 10.933366 -29.664640 -5.127458 -0.354866 0.099346 0.007744 0.989043 -0.108922
11.035205 -9.21371 -1.39033 4.88962 0.09812 0.01809 0.98185 -0.16128 11.033367 -29.567879 -5.729124 -0.668682 0.098307 0.014566 0.987170 -0.124975
11.135207 -9.05615 -1.98248 4.58789 0.09607 0.02435 0.97918 -0.17718 11.133368 -29.456737 -6.325398 -0.970423 0.096454 0.021290 0.985088 -0.140871
11.235209 -8.88472 -2.56773 4.32650 0.09289 0.03029 0.97632 -0.19302 11.233370 -29.331844 -6.915737 -1.231274 0.093433 0.027295 0.982874 -0.156472
11.335212 -8.69958 -3.14552 4.13104 0.08862 0.03582 0.97328 -0.20878 11.333371 -29.191959 -7.500550 -1.426266 0.089479 0.032654 0.980405 -0.172432
11.435214 -8.50092 -3.71526 4.02064 0.08332 0.04085 0.97006 -0.22445 11.433372 -29.035965 -8.080931 -1.535063 0.084709 0.037748 0.977713 -0.188350
11.535216 -8.28894 -4.27641 4.00611 0.07706 0.04531 0.96665 -0.24000 11.533374 -28.863481 -8.655041 -1.548830 0.078462 0.042613 0.974861 -0.204140
11.635219 -8.06384 -4.82840 4.08888 0.06992 0.04912 0.96304 -0.25543 11.633375 -28.676989 -9.222727 -1.467128 0.071633 0.046542 0.971780 -0.219876
11.735221 -7.82585 -5.37068 4.26084 0.06199 0.05222 0.95924 -0.27071 11.733377 -28.478796 -9.779166 -1.295589 0.063780 0.050064 0.968583 -0.235102
11.835223 -7.57521 -5.90274 4.50515 0.05337 0.05455 0.95523 -0.28585 11.833378 -28.269908 -10.327479 -1.052069 0.055416 0.052818 0.965177 -0.250147
11.935225 -7.31215 -6.42403 4.79791 0.04416 0.05608 0.95100 -0.30083 11.933379 -28.046472 -10.867508 -0.760353 0.046066 0.054931 0.961460 -0.265434
12.035228 -7.03694 -6.93405 5.11045 0.03449 0.05676 0.94655 -0.31565 12.033381 -27.808461 -11.399164 -0.449868 0.036543 0.055765 0.957508 -0.280595
12.135230 -6.74985 -7.43229 5.41217 0.02448 0.05658 0.94186 -0.33031 12.133382 -27.558738 -11.919037 -0.149261 0.026330 0.056314 0.953365 -0.295348
12.235232 -6.45116 -7.91827 5.67355 0.01424 0.05553 0.93692 -0.34482 12.233383 -27.297922 -12.427827 0.113035 0.016021 0.055632 0.949007 -0.309893
12.335235 -6.14117 -8.39149 5.86900 0.00391 0.05361 0.93172 -0.35917 12.333385 -27.024302 -12.924171 0.311096 0.005854 0.054133 0.944321 -0.324488
12.435237 -5.82019 -8.85150 5.97937 -0.00638 0.05084 0.92626 -0.37338 12.433386 -26.736578 -13.409022 0.424956 -0.004315 0.051673 0.939305 -0.339141
12.535239 -5.48853 -9.29783 5.99388 -0.01651 0.04725 0.92053 -0.38745 12.533387 -26.435590 -13.883172 0.442467 -0.014538 0.048559 0.934057 -0.353508
12.635242 -5.14652 -9.73006 5.91109 -0.02635 0.04288 0.91452 -0.40140 12.633389 -26.122005 -14.343790 0.362850 -0.024618 0.044590 0.928476 -0.367882
12.735244 -4.79449 -10.14774 5.73911 -0.03578 0.03779 0.90822 -0.41524 12.733390 -25.797561 -14.787578 0.194651 -0.034168 0.039931 0.922645 -0.382053
12.835246 -4.43280 -10.55048 5.49479 -0.04469 0.03204 0.90164 -0.42898 12.833391 -25.463169 -15.218500 -0.049839 -0.043605 0.034252 0.916567 -0.396018
12.935248 -4.06180 -10.93787 5.20202 -0.05298 0.02570 0.89477 -0.44263 12.933393 -25.119687 -15.631902 -0.341682 -0.052008 0.028241 0.910156 -0.410017
13.035251 -3.68185 -11.30953 4.88948 -0.06054 0.01887 0.88761 -0.45620 13.033394 -24.761772 -16.033680 -0.651693 -0.059836 0.022108 0.903348 -0.424139
13.135253 -3.29334 -11.66510 4.58776 -0.06728 0.01162 0.88017 -0.46971 13.133395 -24.395262 -16.420299 -0.955293 -0.066839 0.014969 0.896344 -0.438037
13.235255 -2.89664 -12.00422 4.32639 -0.07314 0.00406 0.87246 -0.48317 13.233397 -24.022223 -16.787892 -1.216623 -0.072970 0.007510 0.889143 -0.451712
13.335258 -2.49214 -12.32655 4.13097 -0.07805 -0.00370 0.86447 -0.49657 13.333398 -23.641333 -17.139218 -1.412804 -0.078461 0.000370 0.881632 -0.465369
13.435260 -2.08026 -12.63179 4.02061 0.08195 0.01156 -0.85623 0.50992 13.433399 -23.252187 -17.473493 -1.527961 -0.082442 -0.007924 0.873879 -0.479036
13.535262 -1.66138 -12.91962 4.00613 0.08481 0.01942 -0.84774 0.52323 13.533401 -22.850724 -17.792188 -1.543484 -0.085603 -0.015618 0.865781 -0.492800
13.635264 -1.23594 -13.18977 4.08894 0.08659 0.02715 -0.83901 0.53649 13.633402 -22.445631 -18.091634 -1.465458 0.087621 0.023278 -0.857534 0.506376
13.735267 -0.80433 -13.44197 4.26093 0.08730 0.03465 -0.83007 0.54970 13.733403 -22.026769 -18.376201 -1.292787 0.088453 0.030989 -0.848947 0.520100
13.835269 -0.36700 -13.67596 4.50528 0.08693 0.04182 -0.82091 0.56285 13.833405 -21.603548 -18.640487 -1.051995 0.088392 0.038274 -0.840152 0.533729
13.935271 0.07563 -13.89153 4.79805 0.08549 0.04855 -0.81157 0.57592 13.933406 -21.173752 -18.889090 -0.762588 0.087405 0.045195 -0.831187 0.547217
14.035274 0.52312 -14.08845 5.11059 0.08302 0.05474 -0.80205 0.58892 14.033407 -20.738785 -19.119787 -0.451848 0.085177 0.051431 -0.822139 0.560524
14.135276 0.97502 -14.26653 5.41231 0.07956 0.06031 -0.79237 0.60181 14.133409 -20.297344 -19.331014 -0.150071 0.081981 0.056946 -0.812796 0.573933
14.235278 1.43090 -14.42560 5.67366 0.07516 0.06516 -0.78254 0.61460 14.233410 -19.854852 -19.520846 0.115473 0.077841 0.061578 -0.803569 0.586878
14.335280 1.89030 -14.56549 5.86907 0.06988 0.06923 -0.77258 0.62725 14.333411 -19.407825 -19.692664 0.314144 0.072845 0.066045 -0.794103 0.599777
14.435283 2.35277 -14.68608 5.97940 0.06381 0.07245 -0.76249 0.63976 14.433413 -18.956381 -19.848789 0.427379 0.067083 0.069266 -0.784598 0.612461
14.535285 2.81786 -14.78723 5.99386 0.05703 0.07476 -0.75227 0.65211 14.533414 -18.502770 -19.983433 0.444654 0.060613 0.072027 -0.774786 0.625176
14.635287 3.28509 -14.86886 5.91103 0.04964 0.07613 -0.74195 0.66427 14.633415 -18.038011 -20.101246 0.364833 0.052771 0.073701 -0.764893 0.637748
14.735290 3.75402 -14.93088 5.73902 0.04172 0.07651 -0.73151 0.67623 14.733417 -17.575927 -20.194947 0.196224 0.044839 0.074625 -0.754827 0.650121
14.835292 4.22418 -14.97323 5.49466 0.03341 0.07590 -0.72097 0.68799 14.833418 -17.106018 -20.273163 -0.047394 0.036704 0.074069 -0.744607 0.662364
14.935294 4.69510 -14.99587 5.20188 0.02480 0.07429 -0.71031 0.69951 14.933419 -16.640192 -20.326146 -0.338774 0.027998 0.072888 -0.734410 0.674199
15.035296 5.16633 -14.99877 4.88934 0.01601 0.07168 -0.69954 0.71081 15.033421 -16.171464 -20.358620 -0.651685 0.019091 0.070577 -0.723967 0.685949
15.135299 5.63739 -14.98194 4.58763 0.00716 0.06809 -0.68865 0.72185 15.133422 -15.702580 -20.371777 -0.952791 0.010067 0.067084 -0.713702 0.697157
15.235301 6.10782 -14.94538 4.32629 -0.00164 0.06357 -0.67763 0.73265 15.233423 -15.233294 -20.364339 -1.213951 0.001154 0.062996 -0.703020 0.708374
15.335303 6.57716 -14.88914 4.13090 -0.01026 0.05815 -0.66647 0.74319 15.333425 -14.764667 -20.338873 -1.409461 -0.007854 0.057986 -0.692360 0.719176
15.435306 7.04494 -14.81327 4.02058 -0.01860 0.05189 -0.65517 0.75347 15.433426 -14.294973 -20.293474 -1.520584 -0.016056 0.051904 -0.681363 0.729926
15.535308 7.51071 -14.71785 4.00615 -0.02654 0.04487 -0.64370 0.76350 15.533427 -13.825892 -20.229868 -1.534129 -0.024828 0.045225 -0.670317 0.740279
15.635310 7.97399 -14.60296 4.08900 -0.03399 0.03717 -0.63206 0.77328 15.633429 -13.354390 -20.146776 -1.451508 -0.032378 0.037916 -0.658744 0.750714
15.735312 8.43434 -14.46873 4.26103 -0.04086 0.02888 -0.62023 0.78282 15.733430 -12.884127 -20.044283 -1.280327 -0.039687 0.029859 -0.647123 0.760767
15.835315 8.89131 -14.31529 4.50540 -0.04706 0.02010 -0.60822 0.79212 15.833431 -12.416085 -19.922232 -1.035117 -0.045835 0.021021 -0.635413 0.770525
15.935317 9.34443 -14.14278 4.79819 -0.05251 0.01094 -0.59600 0.80119 15.933433 -11.947478 -19.782513 -0.742718 -0.052002 0.012105 -0.623295 0.780162
16.035313 9.79323 -13.95140 5.11071 -0.05715 0.00151 -0.58357 0.81005 16.033432 -11.487854 -19.622935 -0.427375 -0.057026 0.002900 -0.611390 0.789267
16.135296 10.23725 -13.74134 5.41236 -0.06094 -0.00807 -0.57093 0.81870 16.133430 -11.028910 -19.446844 -0.124722 -0.061382 -0.006509 -0.598968 0.798391
16.235279 10.67610 -13.51279 5.67366 -0.06383 -0.01767 -0.55807 0.82715 16.233429 -10.576261 -19.248325 0.141224 -0.064871 -0.015961 -0.586447 0.807228
16.335262 11.10935 -13.26597 5.86904 -0.06580 -0.02717 -0.54499 0.83541 16.333427 -10.132868 -19.031741 0.343919 -0.067216 -0.025833 -0.573730 0.815873
16.435246 11.53658 -13.00114 5.97938 -0.06683 -0.03646 -0.53170 0.84350 16.433426 -9.688416 -18.802174 0.454272 -0.068427 -0.034719 -0.560795 0.824391
16.535229 11.95736 -12.71855 5.99388 -0.06693 -0.04541 -0.51820 0.85142 16.533424 -9.251629 -18.551315 0.472068 -0.068514 -0.043926 -0.547804 0.832638
16.635212 12.37127 -12.41848 5.91113 -0.06610 -0.05390 -0.50450 0.85919 16.633423 -8.819111 -18.285354 0.391013 -0.067795 -0.052973 -0.534351 0.840872
16.735195 12.77791 -12.10122 5.73922 -0.06438 -0.06182 -0.49062 0.86679 16.733421 -8.391819 -17.996559 0.226971 -0.066891 -0.060779 -0.520743 0.848916
16.835178 13.17688 -11.76709 5.49497 -0.06179 -0.06907 -0.47655 0.87425 16.833420 -7.966233 -17.691715 -0.019349 -0.064148 -0.068017 -0.506931 0.856901
16.935162 13.56778 -11.41642 5.20229 -0.05839 -0.07555 -0.46233 0.88155 16.933418 -7.550185 -17.368723 -0.318875 -0.060327 -0.074412 -0.492907 0.864793
17.035145 13.95023 -11.04956 4.88981 -0.05423 -0.08118 -0.44796 0.88871 17.033417 -7.139844 -17.026878 -0.633710 -0.056530 -0.080337 -0.478618 0.872511
17.135128 14.32384 -10.66686 4.58812 -0.04939 -0.08587 -0.43347 0.89570 17.133415 -6.733397 -16.668812 -0.939670 -0.052090 -0.085082 -0.464273 0.880056
17.235111 14.68826 -10.26871 4.32673 -0.04394 -0.08957 -0.41888 0.90254 17.233414 -6.337685 -16.294927 -1.205638 -0.046751 -0.088658 -0.449786 0.887495
17.335094 15.04313 -9.85549 4.13122 -0.03796 -0.09221 -0.40420 0.90922 17.333412 -5.950191 -15.904703 -1.403541 -0.041147 -0.091628 -0.435287 0.894671
17.435078 15.38808 -9.42761 4.02073 -0.03154 -0.09376 -0.38946 0.91572 17.433411 -5.571814 -15.499296 -1.515529 -0.034848 -0.093289 -0.420634 0.901748
17.535061 15.72279 -8.98551 4.00606 -0.02478 -0.09419 -0.37466 0.92203 17.533409 -5.203939 -15.079554 -1.530962 -0.028814 -0.093975 -0.406022 0.908562
17.635044 16.04691 -8.52960 4.08865 -0.01779 -0.09349 -0.35983 0.92815 17.633408 -4.843710 -14.642863 -1.449035 -0.021488 -0.093463 -0.391084 0.915345
17.735027 16.36014 -8.06035 4.26043 -0.01065 -0.09166 -0.34498 0.93406 17.733406 -4.496045 -14.192247 -1.281787 -0.014243 -0.091591 -0.376448 0.921789
17.835011 16.66216 -7.57821 4.50457 -0.00349 -0.08871 -0.33013 0.93975 17.833405 -4.160656 -13.729867 -1.040600 -0.006973 -0.088906 -0.362001 0.927902
17.934994 16.95268 -7.08367 4.79719 0.00361 -0.08468 -0.31528 0.94521 17.933403 -3.836329 -13.253077 -0.751044 0.000453 -0.085011 -0.347384 0.933862
18.034977 17.23140 -6.57720 5.10966 0.01053 -0.07960 -0.30043 0.95042 18.033401 -3.520721 -12.763109 -0.438803 0.007316 -0.080226 -0.332443 0.939677
18.134960 17.49806 -6.05931 5.41140 0.01718 -0.07353 -0.28559 0.95537 18.133400 -3.221910 -12.263884 -0.136278 0.014142 -0.074584 -0.317826 0.945105
18.234943 17.75239 -5.53051 5.67288 0.02345 -0.06654 -0.27077 0.96006 18.233398 -2.932876 -11.752984 0.126706 0.021202 -0.067777 -0.303079 0.950316
18.334927 17.99413 -4.99133 5.86852 0.02927 -0.05872 -0.25595 0.96446 18.333397 -2.659650 -11.235520 0.326668 0.027048 -0.060040 -0.288917 0.955087
18.434910 18.22306 -4.44228 5.97917 0.03454 -0.05015 -0.24114 0.96858 18.433395 -2.398023 -10.708707 0.441431 0.032777 -0.051654 -0.274376 0.959675
18.534893 18.43894 -3.88392 5.99400 0.03920 -0.04093 -0.22631 0.97240 18.533394 -2.148083 -10.173239 0.459538 0.038092 -0.042672 -0.259783 0.963971
18.634876 18.64157 -3.31680 5.91156 0.04318 -0.03118 -0.21148 0.97593 18.633392 -1.908985 -9.627587 0.380022 0.043140 -0.033306 -0.244937 0.968006
18.734859 18.83073 -2.74147 5.73993 0.04641 -0.02101 -0.19661 0.97916 18.733391 -1.680375 -9.068817 0.210731 0.046483 -0.023121 -0.229850 0.971840
18.834843 19.00625 -2.15850 5.49589 0.04887 -0.01054 -0.18170 0.98208 18.833389 -1.464575 -8.498924 -0.034527 0.049561 -0.012606 -0.215105 0.975251
18.934826 19.16796 -1.56847 5.20332 0.05052 0.00009 -0.16674 0.98471 18.933388 -1.261713 -7.921956 -0.324342 0.051262 -0.002305 -0.200017 0.978448
19.034809 19.31568 -0.97196 4.89086 0.05133 0.01077 -0.15172 0.98703 19.033386 -1.070238 -7.330921 -0.636159 0.052427 0.008466 -0.184681 0.981363
19.134792 19.44929 -0.36956 4.58908 0.05131 0.02135 -0.13662 0.98906 19.133385 -0.895275 -6.739117 -0.936208 0.052616 0.019147 -0.169611 0.983919
19.234776 19.56863 0.23813 4.32751 0.05045 0.03171 -0.12143 0.99081 19.233383 -0.736435 -6.140308 -1.200309 0.052466 0.029650 -0.154223 0.986196
19.334759 19.67361 0.85053 4.13174 0.04878 0.04172 -0.10614 0.99228 19.333382 -0.590559 -5.534369 -1.395342 0.050679 0.039441 -0.139167 0.988184
19.434742 19.76411 1.46702 4.02094 0.04633 0.05125 -0.09075 0.99347 19.433380 -0.457795 -4.919537 -1.506530 0.048360 0.049048 -0.123561 0.989944
19.534725 19.84004 2.08699 4.00594 0.04314 0.06020 -0.07526 0.99441 19.533379 -0.341536 -4.305696 -1.524089 0.045094 0.058351 -0.108213 0.991389
19.634708 19.90134 2.70984 4.08822 0.03926 0.06845 -0.05966 0.99509 19.633377 -0.241390 -3.689449 -1.443097 0.041628 0.066614 -0.092750 0.992586
19.734692 19.94793 3.33495 4.25972 0.03475 0.07590 -0.04396 0.99554 19.733376 -0.154717 -3.069088 -1.272391 0.037521 0.074428 -0.077381 0.993511
19.834675 19.97977 3.96170 4.50366 0.02969 0.08246 -0.02817 0.99575 19.833374 -0.082432 -2.448844 -1.031660 0.033227 0.081245 -0.061731 0.994226
19.934658 19.99684 4.58948 4.79616 0.02415 0.08805 -0.01228 0.99575 19.933372 -0.023327 -1.824713 -0.742517 0.027372 0.087190 -0.045885 0.994758