1403638523.627830 0.024741 -0.042893 0.214881 0.823453 0.032364 0.564285 -0.049600
1403638523.727829 0.019092 -0.047621 0.153168 0.830416 0.034708 0.554374 -0.043281
1403638523.827830 0.012218 -0.051860 0.091984 0.832562 0.036841 0.551234 -0.040315
1403638523.927830 0.004129 -0.053533 0.041156 0.831851 0.040272 0.552609 -0.032010
1403638524.027829 -0.002395 -0.055319 0.013181 0.833021 0.048077 0.550651 -0.023392
1403638524.127830 -0.005432 -0.057000 0.008971 0.837088 0.055704 0.543870 -0.019651
1403638524.227829 -0.007312 -0.058025 0.032049 0.840016 0.058895 0.538775 -0.025037
1403638524.327830 -0.004298 -0.058505 0.079197 0.838862 0.058571 0.540160 -0.033257
1403638524.427830 0.001450 -0.058539 0.137455 0.834317 0.056293 0.546783 -0.042127
1403638524.527829 0.008498 -0.058222 0.198068 0.826218 0.055367 0.558615 -0.047415
1403638524.627830 0.016788 -0.056904 0.254926 0.818322 0.051687 0.570428 -0.047851
1403638524.727829 0.024204 -0.053976 0.302205 0.813449 0.046309 0.578501 -0.038628
1403638524.827830 0.028507 -0.051145 0.335170 0.810939 0.041240 0.583094 -0.026058
1403638524.927830 0.031045 -0.048222 0.353346 0.809780 0.041288 0.584508 -0.030046
1403638525.027829 0.030962 -0.047591 0.352219 0.807453 0.044876 0.587212 -0.034459
1403638525.127830 0.031251 -0.047729 0.328485 0.805033 0.048804 0.590445 -0.030243
1403638525.227829 0.033380 -0.048457 0.288227 0.805223 0.053876 0.589807 -0.028984
1403638525.327830 0.033408 -0.049214 0.238419 0.811112 0.058760 0.581163 -0.029894
1403638525.427830 0.032087 -0.049072 0.185634 0.822414 0.062284 0.564390 -0.034920
1403638525.527829 0.027158 -0.048248 0.133375 0.833815 0.062964 0.546689 -0.043807
1403638525.627830 0.026092 -0.046712 0.090148 0.839829 0.061073 0.537350 -0.047026
1403638525.727829 0.024329 -0.044411 0.056647 0.840523 0.056636 0.536912 -0.045154
1403638525.827830 0.024323 -0.042891 0.030429 0.837675 0.050724 0.542272 -0.040845
1403638525.927830 0.022526 -0.045420 0.013445 0.834700 0.047907 0.547691 -0.031863
1403638526.027829 0.019533 -0.059440 0.007426 0.834988 0.047533 0.547611 -0.025633
1403638526.127830 0.015900 -0.086213 0.013363 0.837645 0.041361 0.544159 -0.023046
1403638526.227829 0.012217 -0.120141 0.025735 0.838778 0.031889 0.543138 -0.020847
1403638526.327830 0.006322 -0.158481 0.041207 0.836038 0.023146 0.547898 -0.017676
1403638526.427830 -0.001021 -0.201364 0.055343 0.831345 0.013422 0.555383 -0.015343
1403638526.527829 -0.010625 -0.248205 0.065682 0.826392 0.001619 0.562907 -0.014480
1403638526.627830 -0.021028 -0.302513 0.073616 0.821003 -0.008026 0.570737 -0.012203
1403638526.727829 -0.032435 -0.363067 0.079192 0.817067 -0.015248 0.576300 -0.006787
1403638526.827830 -0.045714 -0.427958 0.082884 0.814967 -0.018970 0.579184 0.003786
1403638526.927830 -0.059682 -0.490483 0.084921 0.816217 -0.023064 0.577222 0.008548
1403638527.027829 -0.072417 -0.549314 0.087197 0.820653 -0.032880 0.570291 0.014715
1403638527.127830 -0.081692 -0.603193 0.091101 0.824392 -0.047955 0.563514 0.023014
1403638527.227829 -0.088214 -0.648256 0.095663 0.823832 -0.062790 0.562437 0.031978
1403638527.327830 -0.088609 -0.679248 0.100077 0.819359 -0.074575 0.566489 0.046691
1403638527.427830 -0.085209 -0.690606 0.102075 0.814543 -0.081158 0.571165 0.060861
1403638527.527829 -0.077514 -0.680821 0.101043 0.812368 -0.083924 0.573114 0.067493
1403638527.627830 -0.065321 -0.652184 0.098843 0.812444 -0.083308 0.573041 0.067966
1403638527.727829 -0.051355 -0.609822 0.097652 0.813124 -0.076894 0.573331 0.064869
1403638527.827830 -0.034099 -0.558494 0.098144 0.815640 -0.071207 0.571486 0.055356
1403638527.927830 -0.017711 -0.501735 0.101745 0.818082 -0.066854 0.569690 0.041527
1403638528.027829 -0.001778 -0.445160 0.105752 0.817411 -0.060874 0.571718 0.035674
1403638528.127830 0.013752 -0.388413 0.105796 0.816646 -0.052978 0.574060 0.027148
1403638528.227829 0.033706 -0.336455 0.102655 0.817916 -0.043678 0.573435 0.016684
1403638528.327830 0.062169 -0.292665 0.097408 0.818760 -0.033798 0.573106 0.006302
1403638528.427830 0.094329 -0.260955 0.090750 0.817376 -0.028660 0.575370 0.004891
1403638528.527829 0.127888 -0.238818 0.087063 0.818042 -0.029037 0.574378 0.007341
1403638528.627830 0.166201 -0.223749 0.082381 0.820127 -0.036771 0.570952 0.007390
1403638528.727829 0.201019 -0.213687 0.081082 0.820086 -0.042735 0.570559 0.009685
1403638528.827830 0.224905 -0.207489 0.084031 0.818899 -0.049028 0.571717 0.011851
1403638528.927830 0.232849 -0.203073 0.091167 0.817947 -0.057175 0.572415 0.005886
1403638529.027829 0.222751 -0.196174 0.105433 0.818485 -0.061838 0.571190 0.000767
1403638529.127830 0.198970 -0.183852 0.117706 0.819122 -0.058704 0.570486 0.011754
1403638529.227829 0.168453 -0.164414 0.119005 0.820184 -0.051702 0.569092 0.027582
1403638529.327830 0.133535 -0.143384 0.111558 0.823307 -0.046900 0.564528 0.035687
1403638529.427830 0.098917 -0.122460 0.092998 0.830887 -0.043648 0.553440 0.037769
1403638529.527829 0.071230 -0.105535 0.068840 0.842066 -0.042208 0.536630 0.034237
1403638529.627830 0.049430 -0.094102 0.044094 0.849495 -0.039021 0.524961 0.035383
1403638529.727829 0.035809 -0.081436 0.021697 0.849628 -0.037099 0.524878 0.035464
1403638529.827830 0.028092 -0.070953 0.000267 0.843644 -0.037850 0.534461 0.034397
1403638529.927830 0.025413 -0.062934 -0.017239 0.838735 -0.038184 0.542104 0.034470
1403638530.027829 0.030504 -0.060303 -0.029685 0.838384 -0.038389 0.542599 0.035009
1403638530.127830 0.042011 -0.060972 -0.039954 0.840467 -0.040679 0.539178 0.035325
1403638530.227829 0.056667 -0.062336 -0.049543 0.840863 -0.046531 0.537932 0.037596
1403638530.327830 0.071018 -0.064704 -0.060622 0.840091 -0.052421 0.538502 0.038918
1403638530.427830 0.083338 -0.069068 -0.068922 0.839510 -0.056414 0.538754 0.042240
1403638530.527829 0.093102 -0.073195 -0.074922 0.839359 -0.060320 0.538744 0.039909
1403638530.627830 0.098755 -0.077235 -0.079966 0.840565 -0.062907 0.536434 0.041619
1403638530.727829 0.102307 -0.079919 -0.085564 0.844386 -0.065258 0.530103 0.041772
1403638530.827830 0.105144 -0.081842 -0.091203 0.846416 -0.065940 0.526779 0.041662
1403638530.927830 0.107022 -0.082731 -0.095086 0.845559 -0.065387 0.528410 0.039208
1403638531.027829 0.107992 -0.082577 -0.098264 0.842889 -0.065256 0.532786 0.037680
1403638531.127830 0.107343 -0.081301 -0.098360 0.839273 -0.063694 0.538494 0.039862
1403638531.227829 0.107933 -0.079936 -0.098959 0.839003 -0.060914 0.539090 0.041791
1403638531.327830 0.107908 -0.078617 -0.099744 0.835332 -0.061045 0.544687 0.042548
1403638531.427830 0.107963 -0.078722 -0.099894 0.836070 -0.060502 0.543563 0.043202
1403638531.527829 0.107652 -0.078797 -0.099845 0.835294 -0.061039 0.544740 0.042622
1403638531.627830 0.107561 -0.078854 -0.099913 0.835473 -0.059967 0.544546 0.043103
1403638531.727829 0.107552 -0.078805 -0.099968 0.835579 -0.060367 0.544347 0.042998
1403638531.827830 0.107580 -0.078777 -0.099969 0.835564 -0.060422 0.544372 0.042901
1403638531.927830 0.107586 -0.078728 -0.099978 0.835536 -0.060550 0.544414 0.042738
1403638532.027829 0.107589 -0.078681 -0.099994 0.835530 -0.060645 0.544423 0.042602
1403638532.127830 0.107620 -0.078681 -0.099984 0.835531 -0.060675 0.544422 0.042561
1403638532.227829 0.107592 -0.078700 -0.099999 0.835564 -0.060526 0.544375 0.042713
1403638532.327830 0.107606 -0.078735 -0.099995 0.835560 -0.060472 0.544382 0.042787
1403638532.427830 0.107603 -0.078755 -0.099999 0.835578 -0.060386 0.544361 0.042826
1403638532.527829 0.107609 -0.078755 -0.100000 0.835588 -0.060386 0.544345 0.042834
1403638532.627830 0.107614 -0.078748 -0.100006 0.835605 -0.060394 0.544320 0.042798
1403638532.727829 0.107609 -0.078722 -0.100019 0.835595 -0.060411 0.544338 0.042745
1403638532.827830 0.107633 -0.078714 -0.100009 0.835597 -0.060440 0.544337 0.042695
1403638532.927830 0.107619 -0.078706 -0.100026 0.835603 -0.060413 0.544328 0.042718
1403638533.027829 0.107632 -0.078722 -0.100025 0.835599 -0.060434 0.544333 0.042710
1403638533.127830 0.107629 -0.078722 -0.100026 0.835613 -0.060417 0.544313 0.042709
1403638533.227829 0.107626 -0.078717 -0.100037 0.835619 -0.060399 0.544305 0.042717
1403638533.327830 0.107640 -0.078713 -0.100035 0.835619 -0.060382 0.544306 0.042730
1403638533.427830 0.107628 -0.078709 -0.100055 0.835629 -0.060387 0.544295 0.042670
1403638533.527829 0.107641 -0.078704 -0.100048 0.835632 -0.060385 0.544289 0.042682
1403638533.627830 0.107646 -0.078720 -0.100049 0.835637 -0.060350 0.544283 0.042712
1403638533.727829 0.107630 -0.078712 -0.100061 0.835665 -0.060338 0.544240 0.042735
1403638533.827830 0.107645 -0.078719 -0.100061 0.835647 -0.060369 0.544268 0.042679
1403638533.927830 0.107651 -0.078707 -0.100086 0.835687 -0.060276 0.544220 0.042646
1403638534.027829 0.107631 -0.078715 -0.100091 0.835651 -0.060413 0.544257 0.042689
1403638534.127830 0.107618 -0.078737 -0.100074 0.835701 -0.060544 0.544162 0.042738
1403638534.227829 0.107624 -0.078704 -0.100084 0.835701 -0.060546 0.544174 0.042585
1403638534.327830 0.107668 -0.078656 -0.100062 0.835747 -0.060422 0.544130 0.042416
1403638534.427830 0.107659 -0.078631 -0.100062 0.835796 -0.060395 0.544062 0.042356
1403638534.527829 0.107624 -0.078700 -0.100084 0.835779 -0.060714 0.544035 0.042579
1403638534.627830 0.107633 -0.078663 -0.100063 0.835817 -0.060377 0.544026 0.042422
1403638534.727829 0.107643 -0.078633 -0.100058 0.835836 -0.060127 0.544033 0.042318
1403638534.827830 0.107635 -0.078632 -0.100055 0.835833 -0.060176 0.544027 0.042384
1403638534.927830 0.107596 -0.078682 -0.100057 0.835840 -0.060348 0.543979 0.042615
1403638535.027829 0.107597 -0.078699 -0.100054 0.835855 -0.060300 0.543966 0.042565
1403638535.127830 0.107594 -0.078689 -0.100053 0.835881 -0.060236 0.543933 0.042563
1403638535.227829 0.107590 -0.078685 -0.100063 0.835877 -0.060207 0.543946 0.042513
1403638535.327830 0.107589 -0.078680 -0.100067 0.835909 -0.060216 0.543897 0.042494
1403638535.427830 0.107596 -0.078660 -0.100066 0.835916 -0.060166 0.543892 0.042486
1403638535.527829 0.107605 -0.078657 -0.100074 0.835921 -0.060206 0.543885 0.042433
1403638535.627830 0.107602 -0.078646 -0.100077 0.835946 -0.060136 0.543856 0.042412
1403638535.727829 0.107596 -0.078651 -0.100085 0.835948 -0.060168 0.543851 0.042390
1403638535.827830 0.107599 -0.078646 -0.100088 0.835958 -0.060120 0.543846 0.042322
1403638535.927830 0.107585 -0.078623 -0.100095 0.835978 -0.060104 0.543821 0.042270
1403638536.027829 0.107588 -0.078625 -0.100093 0.835995 -0.060071 0.543804 0.042205
1403638536.127830 0.107586 -0.078614 -0.100093 0.836011 -0.060053 0.543781 0.042198
1403638536.227829 0.107596 -0.078619 -0.100088 0.836014 -0.060050 0.543780 0.042172
1403638536.327830 0.107595 -0.078611 -0.100105 0.835999 -0.060025 0.543809 0.042135
1403638536.427830 0.107594 -0.078606 -0.100111 0.836020 -0.060050 0.543772 0.042154
1403638536.527829 0.107592 -0.078605 -0.100110 0.836042 -0.059998 0.543746 0.042111
1403638536.627830 0.107584 -0.078586 -0.100117 0.836028 -0.060054 0.543764 0.042085
1403638536.727829 0.107593 -0.078591 -0.100114 0.836046 -0.059949 0.543745 0.042124
1403638536.827830 0.107587 -0.078604 -0.100116 0.836054 -0.059951 0.543735 0.042098
1403638536.927830 0.107585 -0.078612 -0.100118 0.836060 -0.059918 0.543729 0.042089
1403638537.027829 0.107591 -0.078606 -0.100107 0.836084 -0.059886 0.543698 0.042069
1403638537.127830 0.107605 -0.078585 -0.100113 0.836078 -0.059846 0.543708 0.042113
1403638537.227829 0.107606 -0.078582 -0.100112 0.836105 -0.059947 0.543659 0.042065
1403638537.327830 0.107608 -0.078582 -0.100118 0.836094 -0.059957 0.543679 0.042019
1403638537.427830 0.107611 -0.078574 -0.100121 0.836103 -0.059931 0.543671 0.041968
1403638537.527829 0.107615 -0.078566 -0.100112 0.836122 -0.059900 0.543647 0.041966
1403638537.627830 0.107618 -0.078560 -0.100103 0.836112 -0.059845 0.543664 0.042008
1403638537.727829 0.107610 -0.078594 -0.100100 0.836153 -0.059890 0.543593 0.042040
1403638537.827830 0.107610 -0.078573 -0.100093 0.836148 -0.059900 0.543603 0.042001
1403638537.927830 0.107630 -0.078583 -0.100083 0.836144 -0.059895 0.543611 0.041988
1403638538.027829 0.107620 -0.078594 -0.100072 0.836173 -0.059933 0.543561 0.042008
1403638538.127830 0.107611 -0.078595 -0.100068 0.836117 -0.059928 0.543645 0.042049
1403638538.227829 0.107632 -0.078598 -0.100052 0.836163 -0.059989 0.543570 0.041997
1403638538.327830 0.107607 -0.078608 -0.100054 0.836171 -0.059928 0.543568 0.041963
1403638538.427830 0.107693 -0.078579 -0.100017 0.836066 -0.059989 0.543724 0.041954
1403638538.527829 0.107661 -0.078613 -0.099968 0.836044 -0.060069 0.543754 0.041878
1403638538.627830 0.107603 -0.078652 -0.099890 0.835869 -0.060187 0.544003 0.041969
1403638538.727829 0.107570 -0.078718 -0.099753 0.835589 -0.060152 0.544437 0.041965
1403638538.827830 0.108344 -0.078547 -0.099584 0.835087 -0.059655 0.545304 0.041400
1403638538.927830 0.110545 -0.078190 -0.098046 0.832210 -0.058809 0.549777 0.041385
1403638539.027829 0.115505 -0.078159 -0.095682 0.827605 -0.059262 0.556554 0.042499
1403638539.127830 0.122821 -0.078742 -0.091565 0.821000 -0.060530 0.566129 0.042349
1403638539.227829 0.132059 -0.078992 -0.081151 0.816210 -0.059765 0.573103 0.042219
1403638539.327830 0.141160 -0.079238 -0.062393 0.815279 -0.059337 0.574497 0.041874
1403638539.427830 0.149982 -0.079462 -0.035934 0.816889 -0.058227 0.572315 0.041915
1403638539.527829 0.158612 -0.079734 -0.004354 0.818867 -0.057057 0.569622 0.041621
1403638539.627830 0.167699 -0.080779 0.027182 0.819548 -0.056176 0.568794 0.040733
1403638539.727829 0.177369 -0.081432 0.048943 0.820197 -0.055134 0.568001 0.040152
1403638539.827830 0.188006 -0.082010 0.060000 0.821817 -0.053821 0.565795 0.039963
1403638539.927830 0.201279 -0.081905 0.066255 0.825705 -0.053173 0.560251 0.038765
1403638540.027829 0.218404 -0.082577 0.072155 0.831166 -0.053672 0.552167 0.037335
1403638540.127830 0.238931 -0.082315 0.079283 0.836995 -0.053603 0.543311 0.037132
1403638540.227829 0.266819 -0.084230 0.091914 0.837059 -0.052392 0.543298 0.037617
1403638540.327830 0.301588 -0.085424 0.102308 0.830967 -0.051214 0.552631 0.038336
1403638540.427830 0.340603 -0.086580 0.110622 0.826487 -0.047211 0.559707 0.037670
1403638540.527829 0.382252 -0.086411 0.118021 0.826160 -0.038717 0.561180 0.032221
1403638540.627830 0.426988 -0.085494 0.125173 0.826532 -0.024772 0.561855 0.023456
1403638540.727829 0.474585 -0.081664 0.131848 0.825879 -0.003672 0.563592 0.016563
1403638540.827830 0.524734 -0.076585 0.140077 0.825393 0.022535 0.564060 0.007464
1403638540.927830 0.575765 -0.064878 0.146335 0.824574 0.050470 0.563483 -0.004159
1403638541.027829 0.627126 -0.048673 0.148440 0.822932 0.072867 0.563129 -0.018941
1403638541.127830 0.678920 -0.028360 0.150818 0.820730 0.089004 0.563485 -0.031087
1403638541.227829 0.731382 -0.005892 0.148636 0.819923 0.099953 0.562354 -0.038657
1403638541.327830 0.783655 0.020967 0.149577 0.819406 0.105837 0.561745 -0.042590
1403638541.427830 0.835519 0.052216 0.154622 0.819512 0.107173 0.561142 -0.045091
1403638541.527829 0.886570 0.088486 0.164002 0.818335 0.108028 0.562790 -0.043876
1403638541.627830 0.939788 0.131178 0.181663 0.816798 0.110354 0.564490 -0.044890
1403638541.727829 0.993605 0.179679 0.205190 0.815024 0.114684 0.565569 -0.052108
1403638541.827830 1.046362 0.233246 0.234766 0.814051 0.121059 0.564368 -0.064458
1403638541.927830 1.095121 0.291414 0.269813 0.813012 0.132628 0.561770 -0.076399
1403638542.027829 1.144096 0.350246 0.294630 0.811287 0.148222 0.558409 -0.089573
1403638542.127830 1.192381 0.408575 0.317384 0.808425 0.167386 0.554753 -0.103345
1403638542.227829 1.238501 0.468791 0.333614 0.804621 0.188261 0.550312 -0.119577
1403638542.327830 1.284561 0.530593 0.344006 0.799549 0.211878 0.545719 -0.134238
1403638542.427830 1.331853 0.593698 0.351471 0.788368 0.232646 0.550886 -0.144488
1403638542.527829 1.378113 0.657909 0.355712 0.774872 0.252205 0.561082 -0.145439
1403638542.627830 1.419946 0.725071 0.359931 0.766533 0.267104 0.566248 -0.142989
1403638542.727829 1.453621 0.796098 0.370343 0.766878 0.271518 0.562571 -0.147278
1403638542.827830 1.479383 0.871106 0.388432 0.771395 0.268707 0.555098 -0.156887
1403638542.927830 1.498015 0.948240 0.412743 0.776847 0.265415 0.547217 -0.163147
1403638543.027829 1.512400 1.025868 0.442400 0.780764 0.262646 0.541963 -0.166438
1403638543.127830 1.526142 1.105445 0.469649 0.782940 0.259457 0.539687 -0.168597
1403638543.227829 1.540023 1.185819 0.491617 0.783723 0.257938 0.539419 -0.168149
1403638543.327830 1.554344 1.266841 0.508355 0.784347 0.255694 0.539496 -0.168417
1403638543.427830 1.569101 1.349297 0.520876 0.784340 0.257185 0.538394 -0.169703
1403638543.527829 1.584073 1.432691 0.529337 0.782603 0.264503 0.536032 -0.173898
1403638543.627830 1.592708 1.514907 0.535665 0.777889 0.280623 0.532682 -0.179972
1403638543.727829 1.604031 1.600635 0.538917 0.770766 0.300253 0.528862 -0.189928
1403638543.827830 1.612706 1.687031 0.548945 0.760555 0.323895 0.525644 -0.200865
1403638543.927830 1.622097 1.775565 0.566650 0.750633 0.345085 0.520337 -0.216138
1403638544.027829 1.634244 1.870873 0.589533 0.744025 0.359542 0.513729 -0.230734
1403638544.127830 1.645087 1.967015 0.615926 0.740390 0.368914 0.506852 -0.242541
1403638544.227829 1.657675 2.064013 0.638647 0.737469 0.373284 0.503244 -0.252080
1403638544.327830 1.670379 2.160927 0.655570 0.735759 0.376335 0.501269 -0.256436
1403638544.427830 1.682679 2.257361 0.666842 0.736348 0.377488 0.498955 -0.257561
1403638544.527829 1.696611 2.354084 0.675909 0.735598 0.377627 0.500412 -0.256672
1403638544.627830 1.708196 2.448057 0.689155 0.729856 0.377573 0.506118 -0.261905
1403638544.727829 1.725904 2.544900 0.705445 0.725348 0.377787 0.510534 -0.265521
1403638544.827830 1.741756 2.639218 0.723464 0.727125 0.379855 0.507024 -0.264436
1403638544.927830 1.758886 2.733052 0.735505 0.730045 0.381270 0.502359 -0.263255
1403638545.027829 1.774634 2.826354 0.743450 0.729436 0.381526 0.502326 -0.264632
1403638545.127830 1.789968 2.918079 0.746626 0.728352 0.381980 0.502993 -0.265692
1403638545.227829 1.797228 2.994112 0.741629 0.727708 0.384897 0.501257 -0.266527
1403638545.327830 1.813627 3.083314 0.731606 0.725682 0.385310 0.503569 -0.267095
1403638545.427830 1.829125 3.171704 0.715916 0.724677 0.384503 0.504589 -0.269053
1403638545.527829 1.843563 3.257376 0.703607 0.723174 0.388229 0.502022 -0.272527
1403638545.627830 1.858796 3.345214 0.695932 0.719643 0.397000 0.496284 -0.279655
1403638545.727829 1.873699 3.433954 0.693181 0.713281 0.411079 0.489263 -0.287863
1403638545.827830 1.890040 3.521736 0.697020 0.702679 0.429389 0.482706 -0.298097
1403638545.927830 1.904357 3.609492 0.709374 0.690903 0.450304 0.474105 -0.308389
1403638546.027829 1.918681 3.698031 0.728211 0.678517 0.470730 0.466540 -0.316809
1403638546.127830 1.931884 3.788730 0.745314 0.667703 0.486722 0.461480 -0.322971
1403638546.227829 1.942661 3.881602 0.756015 0.661193 0.495949 0.455972 -0.330074
1403638546.327830 1.953185 3.974757 0.759542 0.657812 0.500795 0.451144 -0.336090
1403638546.427830 1.961938 4.069087 0.758570 0.657303 0.502016 0.446919 -0.340876
1403638546.527829 1.971229 4.163802 0.754392 0.656213 0.503843 0.445498 -0.342137
1403638546.627830 1.980240 4.259778 0.752404 0.652395 0.508840 0.443739 -0.344325
1403638546.727829 1.988477 4.357124 0.760042 0.647467 0.514563 0.441418 -0.348083
1403638546.827830 1.997340 4.457891 0.776198 0.643072 0.520355 0.440400 -0.348908
1403638546.927830 2.003895 4.561182 0.793588 0.639978 0.524525 0.439729 -0.349200
1403638547.027829 2.009528 4.662543 0.804103 0.636573 0.528565 0.440573 -0.348266
1403638547.127830 2.014065 4.765881 0.811301 0.634098 0.532320 0.442554 -0.344532
1403638547.227829 2.013915 4.868317 0.811034 0.632444 0.534561 0.443321 -0.343112
1403638547.327830 2.011334 4.973251 0.806804 0.631543 0.535368 0.444592 -0.341866
1403638547.427830 2.002782 5.079828 0.800659 0.634916 0.531499 0.440410 -0.347028
1403638547.527829 1.992154 5.187502 0.792128 0.638251 0.527466 0.436679 -0.351748
1403638547.627830 1.980979 5.297236 0.777785 0.640613 0.524841 0.434729 -0.353791
1403638547.727829 1.964688 5.406654 0.758336 0.640851 0.524510 0.435821 -0.352503
1403638547.827830 1.948409 5.518444 0.736452 0.638698 0.526859 0.439589 -0.348203
1403638547.927830 1.929594 5.629218 0.714717 0.638419 0.526866 0.440218 -0.347909
1403638548.027829 1.907919 5.744592 0.698758 0.637937 0.527853 0.438750 -0.349152
1403638548.127830 1.885847 5.864254 0.688805 0.635250 0.531649 0.435362 -0.352516
1403638548.227829 1.861493 5.986110 0.688708 0.629922 0.538193 0.430013 -0.358656
1403638548.327830 1.834269 6.106131 0.694417 0.621874 0.547909 0.422963 -0.366293
1403638548.427830 1.806649 6.224534 0.709392 0.612089 0.560188 0.414849 -0.373412
1403638548.527829 1.778088 6.347128 0.726976 0.603456 0.568789 0.408738 -0.381121
1403638548.627830 1.752070 6.466289 0.741927 0.596125 0.575805 0.404830 -0.386260
1403638548.727829 1.726123 6.588064 0.750603 0.591506 0.580495 0.401446 -0.389856
1403638548.827830 1.699108 6.712099 0.761376 0.588571 0.583747 0.398872 -0.392077
1403638548.927830 1.671514 6.839412 0.777745 0.586845 0.585131 0.397516 -0.393973
1403638549.027829 1.642833 6.966009 0.801144 0.586200 0.586874 0.396778 -0.393085
1403638549.127830 1.616369 7.091937 0.832751 0.586717 0.585558 0.395879 -0.395177
1403638549.227829 1.589452 7.219798 0.870407 0.586834 0.585114 0.396052 -0.395489
1403638549.327830 1.562856 7.351734 0.913686 0.588245 0.583227 0.395237 -0.396991
1403638549.427830 1.531942 7.485476 0.956517 0.589691 0.580535 0.394758 -0.399261
1403638549.527829 1.504052 7.618531 0.993519 0.591115 0.578913 0.394204 -0.400058
1403638549.627830 1.476316 7.751383 1.025541 0.590334 0.577001 0.396166 -0.402029
1403638549.727829 1.453376 7.890957 1.053165 0.589967 0.576804 0.398177 -0.400863
1403638549.827830 1.429071 8.025507 1.083958 0.591602 0.576382 0.396172 -0.401048
1403638549.927830 1.405355 8.166222 1.123637 0.592349 0.577193 0.395738 -0.399203
1403638550.027829 1.383280 8.307405 1.171189 0.593292 0.576629 0.394460 -0.399881
1403638550.127830 1.362827 8.451244 1.227105 0.594270 0.576193 0.392615 -0.400872
1403638550.227829 1.337340 8.595593 1.291105 0.593740 0.576981 0.392164 -0.400964
1403638550.327830 1.317003 8.736589 1.356458 0.592770 0.577855 0.392949 -0.400373
1403638550.427830 1.299483 8.878542 1.417917 0.592210 0.577164 0.392638 -0.402497
1403638550.527829 1.282534 9.018729 1.469729 0.593502 0.575586 0.390396 -0.405027
1403638550.627830 1.268762 9.159353 1.520188 0.592756 0.572678 0.391130 -0.409510
1403638550.727829 1.258864 9.298977 1.566220 0.591573 0.569759 0.392730 -0.413739
1403638550.827830 1.250377 9.434774 1.603664 0.589127 0.567123 0.396468 -0.417271
1403638550.927830 1.245903 9.569199 1.640357 0.584562 0.562477 0.403298 -0.423388
1403638551.027829 1.243533 9.699684 1.669323 0.581365 0.558793 0.407762 -0.428364
1403638551.127830 1.245212 9.822315 1.700946 0.580358 0.556627 0.408768 -0.431578
1403638551.227829 1.248374 9.937791 1.729454 0.580793 0.554580 0.407292 -0.435010
1403638551.327830 1.260770 10.052959 1.769967 0.585234 0.553697 0.405079 -0.432239
1403638551.427830 1.278508 10.160957 1.809379 0.595603 0.547239 0.404817 -0.426509
1403638551.527829 1.305050 10.262290 1.844090 0.610273 0.534522 0.407345 -0.419432
1403638551.627830 1.337838 10.357443 1.873232 0.626697 0.516637 0.411412 -0.413615
1403638551.727829 1.381144 10.448600 1.898973 0.641942 0.498329 0.418146 -0.405873
1403638551.827830 1.433541 10.534740 1.919698 0.655443 0.480616 0.426857 -0.396479
1403638551.927830 1.491372 10.616596 1.939099 0.662213 0.470022 0.438938 -0.384560
1403638552.027829 1.553919 10.692186 1.965175 0.663814 0.463995 0.451858 -0.374011
1403638552.127830 1.618052 10.760879 1.998191 0.666710 0.460347 0.457641 -0.366255
1403638552.227829 1.684143 10.823337 2.038929 0.671550 0.458515 0.456208 -0.361468
1403638552.327830 1.752565 10.881486 2.081671 0.674250 0.457306 0.455190 -0.359248
1403638552.427830 1.828552 10.933849 2.118298 0.672777 0.452274 0.457817 -0.364996
1403638552.527829 1.908424 10.979984 2.152422 0.669339 0.447684 0.461934 -0.371727
1403638552.627830 1.991912 11.019708 2.179868 0.666037 0.446356 0.465326 -0.375009
1403638552.727829 2.079953 11.050413 2.200382 0.665421 0.448486 0.464527 -0.374552
1403638552.827830 2.173075 11.072561 2.214601 0.664439 0.451667 0.463970 -0.373161
1403638552.927830 2.268408 11.091405 2.222510 0.662931 0.457417 0.463720 -0.369128
1403638553.027829 2.369111 11.106830 2.225054 0.660718 0.463477 0.464742 -0.364219
1403638553.127830 2.470618 11.117739 2.225879 0.657772 0.465898 0.466158 -0.364652
1403638553.227829 2.571655 11.121756 2.222887 0.652756 0.462221 0.470415 -0.372787
1403638553.327830 2.676684 11.118102 2.225188 0.646857 0.460800 0.475973 -0.377742
1403638553.427830 2.780598 11.103475 2.231464 0.641450 0.463768 0.481969 -0.375722
1403638553.527829 2.878509 11.076070 2.243712 0.636676 0.467315 0.487186 -0.372707
1403638553.627830 2.972119 11.032858 2.262216 0.633506 0.470025 0.490883 -0.369839
1403638553.727829 3.062678 10.981646 2.288993 0.633129 0.471824 0.490976 -0.368066
1403638553.827830 3.149665 10.924238 2.321368 0.634622 0.473495 0.489389 -0.365452
1403638553.927830 3.232153 10.858458 2.359300 0.636469 0.474780 0.487458 -0.363147
1403638554.027829 3.310419 10.789045 2.395264 0.641228 0.474422 0.481596 -0.363064
1403638554.127830 3.384494 10.708476 2.422744 0.642973 0.476131 0.479347 -0.360710
1403638554.227829 3.454873 10.627345 2.444450 0.648009 0.482276 0.472836 -0.352023
1403638554.327830 3.522495 10.541890 2.458972 0.652543 0.487533 0.466463 -0.344836
1403638554.427830 3.587761 10.457831 2.471250 0.654986 0.490487 0.462892 -0.340802
1403638554.527829 3.650388 10.376879 2.481588 0.655740 0.491878 0.461637 -0.339048
1403638554.627830 3.711271 10.298960 2.489124 0.657663 0.490457 0.458464 -0.341675
1403638554.727829 3.771705 10.218712 2.499495 0.658631 0.486713 0.456843 -0.347289
1403638554.827830 3.833616 10.139804 2.516433 0.659447 0.484057 0.455042 -0.351789
1403638554.927830 3.898080 10.059821 2.538182 0.659666 0.481518 0.454779 -0.355186
1403638555.027829 3.963514 9.977624 2.555939 0.661402 0.477221 0.456425 -0.355646
1403638555.127830 4.031034 9.898338 2.569948 0.665932 0.472536 0.459530 -0.349395
1403638555.227829 4.102899 9.820441 2.579986 0.672718 0.464628 0.462222 -0.343397
1403638555.327830 4.173729 9.739703 2.580598 0.678000 0.457758 0.465699 -0.337488
1403638555.427830 4.249392 9.658053 2.578975 0.680179 0.454934 0.470690 -0.329913
1403638555.527829 4.323270 9.578033 2.574188 0.682297 0.451419 0.472999 -0.327053
1403638555.627830 4.397120 9.497407 2.569072 0.683302 0.449999 0.474415 -0.324853
1403638555.727829 4.470573 9.414752 2.572229 0.684818 0.448667 0.473232 -0.325230
1403638555.827830 4.544330 9.330914 2.584558 0.685152 0.449921 0.472558 -0.323770
1403638555.927830 4.616987 9.247559 2.601581 0.684823 0.451470 0.472499 -0.322392
1403638556.027829 4.691712 9.170873 2.624698 0.683559 0.452891 0.473522 -0.321581
1403638556.127830 4.764468 9.093991 2.648276 0.685438 0.454024 0.470486 -0.320437
1403638556.227829 4.838152 9.020293 2.664632 0.689895 0.455288 0.464125 -0.318349
1403638556.327830 4.912555 8.950999 2.678230 0.692494 0.455950 0.460259 -0.317371
1403638556.427830 4.987831 8.884964 2.687565 0.694339 0.456665 0.457450 -0.316371
1403638556.527829 5.064648 8.822923 2.696858 0.697876 0.457934 0.452701 -0.313573
1403638556.627830 5.145013 8.767837 2.706676 0.700910 0.454254 0.448726 -0.317842
1403638556.727829 5.229049 8.716513 2.720158 0.700459 0.448245 0.449995 -0.325480
1403638556.827830 5.317213 8.667328 2.741569 0.697645 0.443861 0.454120 -0.331743
1403638556.927830 5.411088 8.619751 2.770213 0.696334 0.440383 0.456087 -0.336402
1403638557.027829 5.509336 8.575998 2.797674 0.695207 0.439708 0.457669 -0.337467
1403638557.127830 5.610114 8.532048 2.817943 0.693547 0.441864 0.459976 -0.334919
1403638557.227829 5.715792 8.483903 2.830937 0.692146 0.442949 0.461782 -0.333896
1403638557.327830 5.825054 8.437346 2.840469 0.691465 0.444048 0.462622 -0.332683
1403638557.427830 5.936077 8.388945 2.848346 0.689582 0.446769 0.465269 -0.329240
1403638557.527829 6.050310 8.345375 2.860089 0.686807 0.451101 0.469117 -0.323625
1403638557.627830 6.164052 8.300054 2.877648 0.684481 0.453603 0.472221 -0.320526
1403638557.727829 6.277501 8.256523 2.900469 0.683653 0.454362 0.473284 -0.319650
1403638557.827830 6.389487 8.214642 2.921329 0.683303 0.455189 0.474233 -0.317809
1403638557.927830 6.499587 8.172518 2.934888 0.683443 0.456945 0.474128 -0.315134
1403638558.027829 6.607164 8.131395 2.941367 0.686042 0.457975 0.470359 -0.313635
1403638558.127830 6.712408 8.090530 2.943582 0.691146 0.458899 0.463326 -0.311543
1403638558.227829 6.819228 8.051890 2.948206 0.697418 0.460152 0.454612 -0.308539
1403638558.327830 6.927066 8.021188 2.959998 0.699124 0.462564 0.452386 -0.304315
1403638558.427830 7.037559 7.997365 2.981622 0.701579 0.466220 0.448973 -0.298077
1403638558.527829 7.147049 7.984485 3.008796 0.704822 0.467813 0.444569 -0.294509
1403638558.627830 7.258171 7.983236 3.042523 0.706162 0.463922 0.443396 -0.299186
1403638558.727829 7.371209 7.990326 3.080226 0.706746 0.456053 0.443514 -0.309549
1403638558.827830 7.489136 8.002061 3.115737 0.706287 0.451785 0.444772 -0.315003
1403638558.927830 7.609860 8.018331 3.142259 0.703189 0.451122 0.449847 -0.315677
1403638559.027829 7.734472 8.038853 3.163688 0.698045 0.451051 0.457461 -0.316252
1403638559.127830 7.859777 8.061859 3.177957 0.694245 0.450828 0.462719 -0.317284
1403638559.227829 7.986093 8.087118 3.184485 0.690966 0.452378 0.466698 -0.316406
1403638559.327830 8.110662 8.112432 3.185395 0.688640 0.454388 0.469332 -0.314696
1403638559.427830 8.233371 8.137878 3.181126 0.686030 0.457893 0.472457 -0.310615
1403638559.527829 8.353049 8.165881 3.171404 0.684186 0.459300 0.474594 -0.309344
1403638559.627830 8.468476 8.194060 3.156318 0.682493 0.459833 0.476236 -0.309768
1403638559.727829 8.580154 8.225192 3.138722 0.681474 0.460405 0.476819 -0.310266
1403638559.827830 8.689189 8.257593 3.126505 0.681981 0.460461 0.475222 -0.311516
1403638559.927830 8.794016 8.292535 3.119686 0.683009 0.457925 0.476086 -0.311681
1403638560.027829 8.901293 8.330099 3.106616 0.688977 0.448394 0.478562 -0.308597
1403638560.127830 9.004970 8.365061 3.088052 0.698117 0.432608 0.484503 -0.301231
1403638560.227829 9.108947 8.399902 3.064181 0.708909 0.412977 0.492961 -0.289633
1403638560.327830 9.210239 8.432267 3.038690 0.718281 0.389924 0.504860 -0.277755
1403638560.427830 9.309660 8.460605 3.013077 0.726691 0.365142 0.517566 -0.265928
1403638560.527829 9.404356 8.488187 2.982264 0.735163 0.339499 0.529265 -0.253287
1403638560.627830 9.494416 8.511723 2.945843 0.745823 0.311517 0.536335 -0.243001
1403638560.727829 9.581731 8.531205 2.907876 0.756359 0.283938 0.540167 -0.235627
1403638560.827830 9.665756 8.541549 2.877133 0.763840 0.261032 0.545592 -0.225256
1403638560.927830 9.749605 8.545110 2.854229 0.769653 0.238502 0.551841 -0.214993
1403638561.027829 9.833137 8.541740 2.840691 0.772181 0.218688 0.561270 -0.202207
1403638561.127830 9.913466 8.529463 2.834509 0.774741 0.199318 0.568928 -0.190706
1403638561.227829 9.990735 8.508772 2.835368 0.775967 0.183666 0.575455 -0.181639
1403638561.327830 10.059030 8.480347 2.839808 0.777574 0.173479 0.578377 -0.175397
1403638561.427830 10.126213 8.444954 2.844606 0.783753 0.173784 0.573416 -0.163478
1403638561.527829 10.190817 8.403691 2.844072 0.788282 0.178672 0.569116 -0.150977
1403638561.627830 10.247845 8.361334 2.835386 0.791018 0.182389 0.565886 -0.144215
1403638561.727829 10.309507 8.320129 2.828364 0.792072 0.184788 0.564079 -0.142445
1403638561.827830 10.365884 8.274752 2.811330 0.791577 0.186795 0.564480 -0.140978
1403638561.927830 10.416186 8.228963 2.788464 0.791572 0.185579 0.565955 -0.136635
1403638562.027829 10.465129 8.182258 2.763483 0.793054 0.178057 0.567631 -0.130982
1403638562.127830 10.511486 8.133784 2.745354 0.795159 0.168155 0.569408 -0.123369
1403638562.227829 10.552760 8.084712 2.731650 0.796552 0.159927 0.571341 -0.116181
1403638562.327830 10.592257 8.036790 2.724250 0.797759 0.150072 0.573539 -0.110057
1403638562.427830 10.627679 7.987911 2.721003 0.799200 0.136246 0.576273 -0.103081
1403638562.527829 10.662264 7.938558 2.722462 0.802176 0.118419 0.577623 -0.094037
1403638562.627830 10.695419 7.887801 2.729057 0.804263 0.095754 0.580276 -0.085279
1403638562.727829 10.725526 7.833343 2.738940 0.806786 0.070616 0.581628 -0.076276
1403638562.827830 10.750626 7.776408 2.749344 0.808551 0.044807 0.583112 -0.064945
1403638562.927830 10.769142 7.714530 2.754372 0.809972 0.020672 0.583858 -0.051262
1403638563.027829 10.782061 7.648782 2.752651 0.810151 -0.002165 0.584904 -0.039226
1403638563.127830 10.791315 7.579456 2.745263 0.810503 -0.026147 0.584262 -0.032248
1403638563.227829 10.796904 7.504487 2.733358 0.808787 -0.041866 0.586300 -0.019029
1403638563.327830 10.798972 7.425370 2.717554 0.804242 -0.052530 0.591903 -0.009283
1403638563.427830 10.796787 7.341873 2.698441 0.795714 -0.060581 0.602609 -0.005592
1403638563.527829 10.788833 7.254827 2.674556 0.793615 -0.063145 0.605131 -0.002244
1403638563.627830 10.773164 7.163021 2.655510 0.796381 -0.062300 0.601576 0.001304
1403638563.727829 10.749287 7.067089 2.643807 0.799374 -0.062861 0.597535 -0.001239
1403638563.827830 10.720229 6.964982 2.640996 0.800887 -0.062935 0.595478 -0.005025
1403638563.927830 10.685963 6.858972 2.644907 0.800332 -0.061753 0.596310 -0.008371
1403638564.027829 10.645496 6.748166 2.650735 0.799949 -0.059518 0.596985 -0.012176
1403638564.127830 10.596805 6.631810 2.650023 0.799813 -0.056170 0.597416 -0.015447
1403638564.227829 10.542743 6.509869 2.647514 0.799098 -0.050714 0.598848 -0.015883
1403638564.327830 10.484363 6.382741 2.645126 0.797970 -0.044314 0.600904 -0.013934
1403638564.427830 10.421281 6.251357 2.653336 0.796117 -0.040460 0.603618 -0.014356
1403638564.527829 10.350618 6.118990 2.669383 0.796181 -0.038334 0.603646 -0.015451
1403638564.627830 10.271417 5.984670 2.683938 0.798316 -0.039237 0.600642 -0.019514
1403638564.727829 10.186045 5.844227 2.694278 0.799690 -0.042623 0.598406 -0.024264
1403638564.827830 10.092205 5.697874 2.696577 0.799898 -0.045671 0.597785 -0.027035
1403638564.927830 9.997763 5.551793 2.685710 0.799072 -0.048492 0.598584 -0.028820
1403638565.027829 9.893908 5.401121 2.654976 0.799037 -0.049725 0.598488 -0.029668
1403638565.127830 9.788449 5.247394 2.610547 0.799795 -0.050408 0.597385 -0.030310
1403638565.227829 9.682348 5.081569 2.553252 0.800666 -0.049875 0.596281 -0.029922
1403638565.327830 9.567366 4.916845 2.496333 0.801673 -0.049056 0.595110 -0.027524
1403638565.427830 9.454249 4.740849 2.435651 0.802639 -0.047604 0.594019 -0.025415
1403638565.527829 9.335759 4.558679 2.381087 0.800746 -0.045929 0.596904 -0.020070
1403638565.627830 9.215073 4.368805 2.336339 0.799337 -0.042330 0.599273 -0.011822
1403638565.727829 9.088457 4.176509 2.299220 0.800522 -0.035815 0.598232 0.000261
1403638565.827830 8.959439 3.987904 2.266594 0.803522 -0.033133 0.594317 0.006507
1403638565.927830 8.818624 3.800689 2.238172 0.805898 -0.031093 0.591103 0.012633
1403638566.027829 8.679540 3.616644 2.207321 0.807169 -0.031958 0.589302 0.013433
1403638566.127830 8.541214 3.436305 2.168770 0.807453 -0.032260 0.588884 0.013921
1403638566.227829 8.402851 3.256426 2.121031 0.807297 -0.031911 0.589110 0.014246
1403638566.327830 8.266089 3.082384 2.067695 0.808460 -0.031801 0.587534 0.013575
1403638566.427830 8.126228 2.913766 2.006431 0.808368 -0.030597 0.587735 0.013139
1403638566.527829 7.991899 2.744782 1.942733 0.809052 -0.030229 0.586855 0.011032
1403638566.627830 7.847835 2.586732 1.870524 0.815880 -0.029638 0.577388 0.009209
1403638566.727829 7.704500 2.436284 1.792393 0.828240 -0.029272 0.559546 0.008346
1403638566.827830 7.568436 2.284358 1.707541 0.837893 -0.026519 0.545120 0.008732
1403638566.927830 7.435918 2.139020 1.620818 0.844033 -0.024357 0.535669 0.008595
1403638567.027829 7.318914 1.989580 1.530388 0.843838 -0.023194 0.536047 0.007272
1403638567.127830 7.199579 1.856116 1.450351 0.831574 -0.021411 0.554922 0.009365
1403638567.227829 7.094481 1.715918 1.362907 0.820529 -0.020023 0.571147 0.011054
1403638567.327830 6.988927 1.578649 1.268291 0.815055 -0.018967 0.578897 0.014322
1403638567.427830 6.884702 1.443508 1.174032 0.814801 -0.019382 0.579177 0.016695
1403638567.527829 6.782124 1.313167 1.083939 0.817597 -0.020525 0.575127 0.018490
1403638567.627830 6.680732 1.185518 0.998952 0.821443 -0.021286 0.569526 0.020462
1403638567.727829 6.576072 1.071873 0.929978 0.824781 -0.022220 0.564519 0.023681
1403638567.827830 6.478325 0.960955 0.868992 0.828789 -0.022722 0.558501 0.025865
1403638567.927830 6.387345 0.855232 0.817464 0.830372 -0.025487 0.556125 0.023631
1403638568.027829 6.301439 0.752960 0.772514 0.831104 -0.025744 0.554960 0.024959
1403638568.127830 6.218817 0.652949 0.738632 0.830318 -0.024231 0.556074 0.027677
1403638568.227829 6.144589 0.557095 0.706142 0.829605 -0.022812 0.557096 0.029635
1403638568.327830 6.057331 0.464337 0.692968 0.830115 -0.023451 0.556249 0.030752
1403638568.427830 5.983894 0.377797 0.665636 0.831432 -0.023973 0.554258 0.030725
1403638568.527829 5.908745 0.294383 0.626254 0.832066 -0.023693 0.553256 0.031816
1403638568.627830 5.839802 0.217627 0.587723 0.833577 -0.023549 0.550939 0.032563
1403638568.727829 5.779970 0.147421 0.546284 0.834900 -0.022043 0.548883 0.034407
1403638568.827830 5.722026 0.085502 0.511999 0.834758 -0.023327 0.549150 0.032714
1403638568.927830 5.672218 0.027599 0.485277 0.834665 -0.022852 0.549239 0.033884
1403638569.027829 5.627868 -0.024477 0.465972 0.833781 -0.023097 0.550563 0.034000
1403638569.127830 5.588527 -0.074470 0.453414 0.833869 -0.021946 0.550371 0.035671
1403638569.227829 5.552383 -0.116678 0.447192 0.835332 -0.021073 0.548037 0.037830
1403638569.327830 5.519681 -0.157136 0.435866 0.835962 -0.020918 0.546997 0.039042
1403638569.427830 5.492296 -0.189883 0.423807 0.834969 -0.020411 0.548452 0.040129
1403638569.527829 5.472614 -0.217683 0.403704 0.833715 -0.020226 0.550352 0.040288
1403638569.627830 5.456115 -0.239238 0.384322 0.832257 -0.020941 0.552550 0.039981
1403638569.727829 5.443852 -0.254748 0.371723 0.831207 -0.020627 0.554072 0.040909
1403638569.827830 5.435715 -0.265875 0.367489 0.830548 -0.020251 0.555074 0.040901
1403638569.927830 5.431132 -0.270672 0.369423 0.828720 -0.019586 0.557734 0.042093
1403638570.027829 5.429114 -0.269986 0.372274 0.827520 -0.020840 0.559623 0.039982
1403638570.127830 5.428858 -0.264397 0.369392 0.827612 -0.023212 0.559631 0.036523
1403638570.227829 5.429736 -0.254904 0.360094 0.827130 -0.026649 0.560547 0.030538
1403638570.327830 5.431977 -0.243524 0.345704 0.826805 -0.033050 0.561094 0.021809
1403638570.427830 5.435084 -0.231941 0.325990 0.826442 -0.043239 0.561066 0.018165
1403638570.527829 5.438963 -0.222442 0.296838 0.824994 -0.065229 0.561236 0.012033
1403638570.627830 5.442538 -0.219463 0.261072 0.821107 -0.094441 0.562848 0.008132
1403638570.727829 5.445961 -0.226092 0.223129 0.813080 -0.121966 0.569065 0.013780
1403638570.827830 5.444432 -0.243539 0.184588 0.800535 -0.148867 0.580033 0.023338
1403638570.927830 5.435111 -0.271012 0.144602 0.790716 -0.171421 0.586493 0.037534
1403638571.027829 5.417674 -0.309681 0.101490 0.783903 -0.192392 0.587963 0.052728
1403638571.127830 5.390729 -0.357100 0.056311 0.784892 -0.208251 0.578999 0.073051
1403638571.227829 5.356697 -0.411753 0.020105 0.787179 -0.216959 0.569492 0.094638
1403638571.327830 5.317739 -0.471885 -0.006120 0.787491 -0.221760 0.563822 0.113073
1403638571.427830 5.275140 -0.536506 -0.024694 0.785190 -0.227855 0.562939 0.121070
1403638571.527829 5.227565 -0.603887 -0.034599 0.782017 -0.231239 0.564636 0.127138
1403638571.627830 5.174993 -0.674915 -0.044046 0.780627 -0.238135 0.562173 0.133697
1403638571.727829 5.116893 -0.749932 -0.056115 0.780481 -0.249893 0.555559 0.140558
1403638571.827830 5.055178 -0.828134 -0.075018 0.778955 -0.265345 0.548350 0.148772
1403638571.927830 4.990143 -0.908692 -0.095812 0.773908 -0.284699 0.543721 0.156140
1403638572.027829 4.922908 -0.994028 -0.110004 0.767211 -0.304275 0.539951 0.165095
1403638572.127830 4.855472 -1.083403 -0.118216 0.759655 -0.322216 0.536694 0.176240
1403638572.227829 4.780940 -1.173283 -0.110532 0.754077 -0.337003 0.529610 0.193158
1403638572.327830 4.707142 -1.266868 -0.105385 0.749693 -0.354730 0.519043 0.206691
1403638572.427830 4.631802 -1.364872 -0.103811 0.744745 -0.371357 0.508793 0.220404
1403638572.527829 4.557102 -1.467510 -0.105867 0.741221 -0.381809 0.500494 0.233065
1403638572.627830 4.485275 -1.573655 -0.110546 0.737870 -0.388497 0.496139 0.241792
1403638572.727829 4.413170 -1.687361 -0.106943 0.737692 -0.391000 0.491007 0.248679
1403638572.827830 4.343472 -1.803836 -0.096876 0.739780 -0.390208 0.485516 0.254437
1403638572.927830 4.282412 -1.922676 -0.079995 0.741670 -0.389664 0.482303 0.255871
1403638573.027829 4.218726 -2.042599 -0.062275 0.744060 -0.388417 0.479392 0.256301
1403638573.127830 4.161860 -2.165057 -0.051214 0.746211 -0.386791 0.478007 0.255090
1403638573.227829 4.109496 -2.291357 -0.042969 0.747148 -0.384943 0.478860 0.253540
1403638573.327830 4.063680 -2.419995 -0.035440 0.748239 -0.382865 0.479637 0.251993
1403638573.427830 4.020353 -2.552168 -0.023676 0.749343 -0.383026 0.477240 0.253017
1403638573.527829 3.985803 -2.687592 -0.008535 0.749153 -0.383009 0.475923 0.256067
1403638573.627830 3.955949 -2.824039 0.017525 0.748813 -0.383376 0.475401 0.257481
1403638573.727829 3.934894 -2.961140 0.046785 0.748121 -0.385260 0.472512 0.261958
1403638573.827830 3.917954 -3.104708 0.079161 0.741042 -0.389037 0.474582 0.272542
1403638573.927830 3.907780 -3.250317 0.108227 0.728622 -0.397429 0.478490 0.286719
1403638574.027829 3.903764 -3.395928 0.128503 0.710457 -0.415420 0.485734 0.294517
1403638574.127830 3.902635 -3.536863 0.139776 0.688969 -0.438266 0.493125 0.300121
1403638574.227829 3.896634 -3.677554 0.148429 0.667872 -0.461830 0.496216 0.307294
1403638574.327830 3.884052 -3.812195 0.154000 0.652084 -0.483108 0.490174 0.317998
1403638574.427830 3.865107 -3.942496 0.156497 0.640107 -0.501472 0.478134 0.331929
1403638574.527829 3.841598 -4.068840 0.157787 0.628774 -0.518486 0.466564 0.343706
1403638574.627830 3.811025 -4.191243 0.163900 0.619061 -0.529105 0.459593 0.354381
1403638574.727829 3.777849 -4.311129 0.176585 0.615930 -0.533298 0.449233 0.366624
1403638574.827830 3.745060 -4.427380 0.191849 0.617761 -0.536184 0.437791 0.373119
1403638574.927830 3.713570 -4.541934 0.208467 0.619825 -0.540988 0.429988 0.371833
1403638575.027829 3.679803 -4.649836 0.219721 0.620533 -0.544681 0.427804 0.367757
1403638575.127830 3.645003 -4.757710 0.226799 0.618051 -0.549252 0.431781 0.360416
1403638575.227829 3.608050 -4.868114 0.229014 0.615993 -0.550946 0.436152 0.356065
1403638575.327830 3.569582 -4.979451 0.226640 0.616558 -0.551466 0.437396 0.352741
1403638575.427830 3.528131 -5.093787 0.217479 0.621738 -0.551044 0.433542 0.349049
1403638575.527829 3.485526 -5.209104 0.209077 0.626499 -0.548916 0.430490 0.347661
1403638575.627830 3.439411 -5.328804 0.203450 0.633310 -0.544399 0.424603 0.349658
1403638575.727829 3.392775 -5.451202 0.205488 0.639379 -0.540009 0.418948 0.352233
1403638575.827830 3.347214 -5.575576 0.216343 0.645202 -0.537444 0.412812 0.352781
1403638575.927830 3.305727 -5.705687 0.236528 0.647058 -0.536321 0.412266 0.351729
1403638576.027829 3.267269 -5.845338 0.265073 0.647551 -0.534954 0.413212 0.351791
1403638576.127830 3.233164 -5.985622 0.300907 0.647317 -0.534242 0.413852 0.352551
1403638576.227829 3.201696 -6.132306 0.338234 0.646477 -0.532550 0.415297 0.354946
1403638576.327830 3.174381 -6.280080 0.370664 0.647574 -0.529288 0.413726 0.359629
1403638576.427830 3.151533 -6.432243 0.396238 0.649740 -0.527044 0.410306 0.362922
1403638576.527829 3.134773 -6.590960 0.415627 0.653458 -0.523298 0.404342 0.368321
1403638576.627830 3.126242 -6.750402 0.429657 0.656100 -0.520985 0.399629 0.372026
1403638576.727829 3.125662 -6.912238 0.440358 0.655343 -0.518427 0.401043 0.375397
1403638576.827830 3.132204 -7.076340 0.446519 0.651211 -0.514933 0.407560 0.380346
1403638576.927830 3.145080 -7.237892 0.447321 0.645558 -0.515078 0.416076 0.380565
1403638577.027829 3.163459 -7.400586 0.445923 0.640845 -0.517938 0.423453 0.376490
1403638577.127830 3.186207 -7.559575 0.448819 0.637234 -0.520496 0.428608 0.373246
1403638577.227829 3.212753 -7.717507 0.458381 0.635726 -0.522216 0.430752 0.370939
1403638577.327830 3.243352 -7.873620 0.475353 0.638222 -0.519291 0.427304 0.374727
1403638577.427830 3.277130 -8.028129 0.501005 0.642857 -0.514422 0.420827 0.380802
1403638577.527829 3.317507 -8.180481 0.528521 0.643551 -0.513811 0.420157 0.381194
1403638577.627830 3.362870 -8.330211 0.550333 0.642719 -0.515741 0.421554 0.378438
1403638577.727829 3.412727 -8.476503 0.564895 0.642651 -0.517146 0.422175 0.375935
1403638577.827830 3.466066 -8.620477 0.573624 0.642375 -0.518401 0.423122 0.373608
1403638577.927830 3.521907 -8.760480 0.575143 0.642662 -0.517636 0.423714 0.373503
1403638578.027829 3.582512 -8.899175 0.577886 0.642874 -0.516202 0.424360 0.374389
1403638578.127830 3.645918 -9.040134 0.587112 0.641448 -0.516915 0.427963 0.371741
1403638578.227829 3.715160 -9.180932 0.604344 0.636426 -0.521980 0.436093 0.363761
1403638578.327830 3.781968 -9.322047 0.623216 0.633065 -0.525911 0.441184 0.357775
1403638578.427830 3.847807 -9.461520 0.638844 0.632512 -0.526303 0.441597 0.357668
1403638578.527829 3.909696 -9.596791 0.650224 0.632040 -0.526753 0.441728 0.357678
1403638578.627830 3.971418 -9.731927 0.656043 0.631297 -0.526533 0.442072 0.358887
1403638578.727829 4.030252 -9.864304 0.659614 0.632865 -0.524180 0.439483 0.362729
1403638578.827830 4.086461 -9.991203 0.658924 0.636519 -0.520545 0.434207 0.367888
1403638578.927830 4.145849 -10.118244 0.656337 0.637758 -0.517749 0.432211 0.372013
1403638579.027829 4.202158 -10.241923 0.657769 0.638939 -0.515535 0.431641 0.373719
1403638579.127830 4.264429 -10.363314 0.668178 0.639242 -0.514506 0.432142 0.374041
1403638579.227829 4.327539 -10.485353 0.682093 0.639310 -0.514093 0.432745 0.373794
1403638579.327830 4.384669 -10.587779 0.699014 0.637841 -0.515544 0.436025 0.370480
1403638579.427830 4.452956 -10.702888 0.716295 0.633312 -0.520772 0.442754 0.362879
1403638579.527829 4.518673 -10.812637 0.730133 0.630183 -0.523077 0.448537 0.357876
1403638579.627830 4.583621 -10.923539 0.736555 0.627954 -0.514909 0.459496 0.359731
1403638579.727829 4.645466 -11.031461 0.734963 0.633767 -0.498629 0.468456 0.360912
1403638579.827830 4.706368 -11.133179 0.729885 0.649129 -0.478643 0.473215 0.354401
1403638579.927830 4.766355 -11.228569 0.719874 0.669925 -0.455640 0.477496 0.339986
1403638580.027829 4.826246 -11.319802 0.706247 0.687518 -0.426003 0.491010 0.323650
1403638580.127830 4.887449 -11.403104 0.692875 0.700702 -0.389753 0.512799 0.306833
1403638580.227829 4.950396 -11.475064 0.674778 0.716667 -0.353280 0.530336 0.283417
1403638580.327830 5.011051 -11.536083 0.652325 0.734340 -0.322048 0.540605 0.254509
1403638580.427830 5.068225 -11.590045 0.625157 0.748143 -0.301841 0.546621 0.224454
1403638580.527829 5.119010 -11.641668 0.594988 0.756777 -0.287658 0.550591 0.203449
1403638580.627830 5.165105 -11.691106 0.563915 0.765066 -0.274078 0.551685 0.187616
1403638580.727829 5.204999 -11.739654 0.536147 0.776184 -0.258412 0.548133 0.174102
1403638580.827830 5.241379 -11.785823 0.517257 0.784383 -0.245572 0.544565 0.166994
1403638580.927830 5.273289 -11.832584 0.509362 0.788750 -0.237268 0.543210 0.162786
1403638581.027829 5.304452 -11.880299 0.512755 0.790017 -0.235152 0.543649 0.158187
1403638581.127830 5.336935 -11.926774 0.524209 0.790523 -0.233348 0.543447 0.159020
1403638581.227829 5.368540 -11.974308 0.541948 0.790860 -0.232446 0.542641 0.161403
1403638581.327830 5.400790 -12.018686 0.556050 0.790390 -0.233012 0.541926 0.165244
1403638581.427830 5.435003 -12.061769 0.570173 0.788525 -0.233701 0.543338 0.168509
1403638581.527829 5.467724 -12.102966 0.594023 0.787218 -0.235940 0.543481 0.171024
1403638581.627830 5.502997 -12.142143 0.619795 0.784784 -0.236849 0.545349 0.174958
1403638581.727829 5.539185 -12.179715 0.642100 0.780130 -0.236559 0.550635 0.179551
1403638581.827830 5.575924 -12.214332 0.653685 0.778341 -0.237967 0.551960 0.181378
1403638581.927830 5.610148 -12.245884 0.660792 0.771498 -0.237496 0.560646 0.184559
1403638582.027829 5.639603 -12.272606 0.667810 0.768137 -0.236585 0.564920 0.186705
1403638582.127830 5.666548 -12.295423 0.675346 0.774395 -0.239069 0.555977 0.184522
1403638582.227829 5.687952 -12.312316 0.691987 0.780420 -0.241361 0.547503 0.181463
1403638582.327830 5.707773 -12.324669 0.719167 0.778897 -0.239499 0.549826 0.183441
1403638582.427830 5.730683 -12.337284 0.757477 0.776377 -0.238116 0.553447 0.185032
1403638582.527829 5.750753 -12.343709 0.802514 0.775277 -0.236974 0.555197 0.185863
1403638582.627830 5.772013 -12.349472 0.857639 0.775164 -0.236644 0.555290 0.186476
1403638582.727829 5.794668 -12.349619 0.918663 0.777829 -0.237577 0.551450 0.185585
1403638582.827830 5.817515 -12.350387 0.983663 0.779137 -0.238688 0.549262 0.185162
1403638582.927830 5.841438 -12.344121 1.045139 0.780423 -0.239804 0.547048 0.184859
1403638583.027829 5.864075 -12.333866 1.096049 0.783128 -0.241398 0.542798 0.183870
1403638583.127830 5.884104 -12.319856 1.133586 0.785026 -0.242555 0.539701 0.183370
1403638583.227829 5.891795 -12.294242 1.150456 0.785850 -0.243941 0.538196 0.182422
1403638583.327830 5.906603 -12.273820 1.172684 0.785740 -0.243707 0.538353 0.182746
1403638583.427830 5.926522 -12.256529 1.193682 0.785917 -0.244184 0.537997 0.182394
1403638583.527829 5.940417 -12.234816 1.211050 0.786402 -0.244134 0.537489 0.181870
1403638583.627830 5.959023 -12.211482 1.245576 0.786346 -0.243447 0.537632 0.182607
1403638583.727829 5.982003 -12.186036 1.283711 0.786272 -0.242607 0.537714 0.183799
1403638583.827830 6.008113 -12.159702 1.315572 0.785911 -0.242351 0.538246 0.184123
1403638583.927830 6.039036 -12.133033 1.341354 0.785082 -0.242382 0.539545 0.183813
1403638584.027829 6.071915 -12.104891 1.357914 0.784366 -0.241665 0.540518 0.184958
1403638584.127830 6.102839 -12.071331 1.372819 0.777175 -0.238454 0.550705 0.189374
1403638584.227829 6.132752 -12.037735 1.387325 0.767538 -0.234590 0.564180 0.193790
1403638584.327830 6.160795 -11.998063 1.393784 0.761695 -0.233140 0.572142 0.195242
1403638584.427830 6.182950 -11.950273 1.390615 0.760388 -0.232957 0.574004 0.195090
1403638584.527829 6.198827 -11.896260 1.386093 0.759705 -0.233382 0.574894 0.194621
1403638584.627830 6.210314 -11.837114 1.388356 0.760959 -0.233169 0.573423 0.194318
1403638584.727829 6.217381 -11.771382 1.398401 0.764644 -0.234350 0.568758 0.192129
1403638584.827830 6.220540 -11.699650 1.411533 0.772587 -0.237688 0.558068 0.187546
1403638584.927830 6.218483 -11.624056 1.424835 0.778528 -0.241918 0.549617 0.182461
1403638585.027829 6.217576 -11.548643 1.434902 0.781259 -0.243306 0.545702 0.180683
1403638585.127830 6.217889 -11.472711 1.439777 0.781456 -0.244593 0.545248 0.179460
1403638585.227829 6.216980 -11.395377 1.439257 0.780273 -0.244860 0.546813 0.179480
1403638585.327830 6.213941 -11.315693 1.433194 0.777760 -0.244096 0.550296 0.180777
1403638585.427830 6.211611 -11.235263 1.425300 0.777122 -0.243928 0.551317 0.180640
1403638585.527829 6.211112 -11.154921 1.418523 0.778057 -0.244036 0.549809 0.181064
1403638585.627830 6.212896 -11.075403 1.421320 0.780125 -0.244218 0.547060 0.180241
1403638585.727829 6.209724 -10.993821 1.430579 0.783995 -0.245163 0.541555 0.178788
1403638585.827830 6.210648 -10.913836 1.450832 0.788649 -0.247395 0.534687 0.175893
1403638585.927830 6.212458 -10.834062 1.480116 0.790966 -0.250188 0.531001 0.172674
1403638586.027829 6.220016 -10.759190 1.513847 0.788243 -0.250795 0.534681 0.172888
1403638586.127830 6.230620 -10.686146 1.544125 0.784580 -0.250428 0.539454 0.175242
1403638586.227829 6.239801 -10.613134 1.566910 0.782166 -0.249639 0.542682 0.177179
1403638586.327830 6.249438 -10.540434 1.585108 0.778961 -0.247819 0.546983 0.180599
1403638586.427830 6.257341 -10.467410 1.599105 0.776347 -0.242867 0.550278 0.188401
1403638586.527829 6.265884 -10.392404 1.608577 0.775362 -0.238716 0.551187 0.194991
1403638586.627830 6.273611 -10.314318 1.611272 0.775932 -0.240511 0.550523 0.192378
1403638586.727829 6.282921 -10.234085 1.608653 0.776014 -0.242964 0.550553 0.188847
1403638586.827830 6.293147 -10.152266 1.599904 0.775270 -0.244870 0.551823 0.185707
1403638586.927830 6.303180 -10.067963 1.585002 0.774761 -0.244442 0.552690 0.185816
1403638587.027829 6.309359 -9.981712 1.566290 0.774586 -0.244838 0.553049 0.184954
1403638587.127830 6.318033 -9.893314 1.546904 0.774777 -0.245414 0.552733 0.184333
1403638587.227829 6.323449 -9.803458 1.536835 0.777032 -0.244973 0.549831 0.184106
1403638587.327830 6.326310 -9.712568 1.532837 0.778624 -0.245436 0.547537 0.183602
1403638587.427830 6.330133 -9.620513 1.527904 0.779024 -0.246412 0.547028 0.182107
1403638587.527829 6.336608 -9.527856 1.529623 0.778749 -0.247462 0.547336 0.180929
1403638587.627830 6.341577 -9.434963 1.526271 0.778695 -0.248745 0.547137 0.180002
1403638587.727829 6.346369 -9.342520 1.518132 0.778529 -0.248768 0.547258 0.180322
1403638587.827830 6.352061 -9.251138 1.503728 0.778106 -0.249903 0.547609 0.179510
1403638587.927830 6.356497 -9.159344 1.486201 0.777722 -0.250456 0.548015 0.179165
1403638588.027829 6.362044 -9.072728 1.462765 0.777172 -0.250351 0.548921 0.178924
1403638588.127830 6.364535 -8.984637 1.435457 0.777558 -0.248115 0.548316 0.182184
1403638588.227829 6.368228 -8.896338 1.406052 0.778479 -0.243487 0.546968 0.188443
1403638588.327830 6.371471 -8.806719 1.381069 0.779021 -0.242576 0.546356 0.189151
1403638588.427830 6.376075 -8.716158 1.361564 0.778852 -0.242442 0.546726 0.188951
1403638588.527829 6.380766 -8.621580 1.352935 0.778547 -0.243914 0.547237 0.186820
1403638588.627830 6.383860 -8.523047 1.352285 0.777827 -0.245124 0.548485 0.184561
1403638588.727829 6.390732 -8.425641 1.360273 0.776094 -0.247117 0.550869 0.182083
1403638588.827830 6.393267 -8.326771 1.370396 0.775382 -0.248008 0.551694 0.181407
1403638588.927830 6.395191 -8.229883 1.374875 0.775121 -0.249492 0.551807 0.180138
1403638589.027829 6.395306 -8.131622 1.372188 0.775082 -0.250320 0.551498 0.180106
1403638589.127830 6.395415 -8.032129 1.361437 0.775271 -0.249834 0.550969 0.181578
1403638589.227829 6.396225 -7.932322 1.345004 0.774913 -0.249867 0.551390 0.181785
1403638589.327830 6.396309 -7.833267 1.325783 0.774206 -0.250063 0.552241 0.181942
1403638589.427830 6.396155 -7.733718 1.308688 0.774293 -0.250306 0.552202 0.181356
1403638589.527829 6.393278 -7.634303 1.297157 0.774638 -0.250309 0.551789 0.181138
1403638589.627830 6.390411 -7.534254 1.293748 0.774518 -0.249916 0.552055 0.181380
1403638589.727829 6.383020 -7.437521 1.300371 0.776172 -0.250682 0.549614 0.180667
1403638589.827830 6.376394 -7.339165 1.312884 0.777046 -0.251621 0.548059 0.180330
1403638589.927830 6.368203 -7.241787 1.315894 0.777416 -0.251748 0.547128 0.181382
1403638590.027829 6.358576 -7.142207 1.320100 0.776905 -0.253496 0.547339 0.180495
1403638590.127830 6.349139 -7.042832 1.313862 0.776292 -0.253829 0.547852 0.181108
1403638590.227829 6.341124 -6.944862 1.302878 0.775323 -0.254326 0.548860 0.181510
1403638590.327830 6.335504 -6.847745 1.288993 0.775043 -0.254563 0.549122 0.181579
1403638590.427830 6.322326 -6.751134 1.274869 0.776160 -0.254815 0.547306 0.181936
1403638590.527829 6.309572 -6.655463 1.254345 0.776206 -0.255668 0.547230 0.180767
1403638590.627830 6.295751 -6.561040 1.243640 0.778330 -0.256236 0.544280 0.179736
1403638590.727829 6.283500 -6.468297 1.239043 0.779308 -0.257689 0.542907 0.177557
1403638590.827830 6.273472 -6.376798 1.243134 0.780398 -0.257633 0.541299 0.177763
1403638590.927830 6.265054 -6.288062 1.251496 0.780937 -0.258333 0.540451 0.176961
1403638591.027829 6.256909 -6.199303 1.267293 0.781740 -0.259654 0.538996 0.175916
1403638591.127830 6.247419 -6.101138 1.276273 0.784261 -0.260518 0.535062 0.175426
1403638591.227829 6.242366 -6.014090 1.281000 0.789159 -0.262425 0.527380 0.173873
1403638591.327830 6.241563 -5.926605 1.279978 0.794744 -0.265287 0.518561 0.170585
1403638591.427830 6.246326 -5.848167 1.273230 0.797821 -0.267676 0.513364 0.168192
1403638591.527829 6.254385 -5.776869 1.261772 0.800278 -0.270196 0.509177 0.165192
1403638591.627830 6.268106 -5.713681 1.246626 0.802243 -0.271822 0.505881 0.163106
1403638591.727829 6.286710 -5.659291 1.232840 0.801050 -0.272608 0.507375 0.163019
1403638591.827830 6.313674 -5.611587 1.217713 0.798611 -0.271474 0.511289 0.164639
1403638591.927830 6.345774 -5.571951 1.209002 0.795913 -0.270362 0.515582 0.166136
1403638592.027829 6.384359 -5.544025 1.208479 0.793271 -0.269713 0.519785 0.166732
1403638592.127830 6.427224 -5.516767 1.214926 0.791626 -0.268551 0.522786 0.167042
1403638592.227829 6.473156 -5.494166 1.232931 0.787008 -0.265131 0.532607 0.163257
1403638592.327830 6.521343 -5.476215 1.260684 0.782366 -0.258405 0.544625 0.156571
1403638592.427830 6.569563 -5.461335 1.295550 0.782056 -0.246753 0.553401 0.145771
1403638592.527829 6.613877 -5.450770 1.339581 0.787525 -0.232334 0.554538 0.135322
1403638592.627830 6.653347 -5.445111 1.390301 0.795098 -0.219400 0.550610 0.128499
1403638592.727829 6.691694 -5.445557 1.443399 0.802445 -0.210129 0.544875 0.122630
1403638592.827830 6.731385 -5.448835 1.491199 0.808846 -0.204856 0.538529 0.117428
1403638592.927830 6.772174 -5.455937 1.534628 0.812408 -0.200616 0.535146 0.115609
1403638593.027829 6.816677 -5.467702 1.571323 0.813907 -0.198012 0.534037 0.114678
1403638593.127830 6.864693 -5.484069 1.604156 0.813976 -0.196936 0.534402 0.114340
1403638593.227829 6.917715 -5.505662 1.642709 0.810646 -0.194913 0.539494 0.117511
1403638593.327830 6.974242 -5.530537 1.686310 0.808171 -0.189911 0.543141 0.125665
1403638593.427830 7.033392 -5.554622 1.736577 0.803854 -0.184259 0.548998 0.135903
1403638593.527829 7.092108 -5.579009 1.780045 0.800254 -0.182203 0.553590 0.141186
1403638593.627830 7.148756 -5.601938 1.816452 0.798344 -0.181760 0.555730 0.144136
1403638593.727829 7.203749 -5.621299 1.845390 0.796421 -0.181259 0.558192 0.145878
1403638593.827830 7.261761 -5.634004 1.870741 0.790158 -0.182153 0.566968 0.144974
1403638593.927830 7.313483 -5.643002 1.899807 0.780989 -0.179681 0.581656 0.139454
1403638594.027829 7.361619 -5.646530 1.930981 0.783616 -0.176810 0.580811 0.131693
1403638594.127830 7.403821 -5.645662 1.967395 0.789743 -0.173889 0.574564 0.126272
1403638594.227829 7.442715 -5.641916 2.005630 0.794685 -0.168981 0.569192 0.126258
1403638594.327830 7.476086 -5.637241 2.040358 0.794935 -0.164732 0.570011 0.126605
1403638594.427830 7.507842 -5.630416 2.074953 0.793634 -0.158206 0.572665 0.131038
1403638594.527829 7.536873 -5.619507 2.113066 0.793349 -0.156991 0.573731 0.129553
1403638594.627830 7.552244 -5.599887 2.165087 0.793901 -0.159491 0.573515 0.123950
1403638594.727829 7.568458 -5.580618 2.213485 0.794396 -0.162422 0.572809 0.120183
1403638594.827830 7.582824 -5.561263 2.257425 0.794765 -0.164150 0.572131 0.118615
1403638594.927830 7.594729 -5.537725 2.293100 0.795569 -0.165219 0.570711 0.118578
1403638595.027829 7.604028 -5.513809 2.321216 0.797032 -0.166899 0.568320 0.117882
1403638595.127830 7.611080 -5.490425 2.342847 0.797963 -0.168203 0.566671 0.117671
1403638595.227829 7.617838 -5.465611 2.358127 0.798384 -0.168663 0.565763 0.118525
1403638595.327830 7.622737 -5.441327 2.366345 0.798473 -0.168923 0.565467 0.118962
1403638595.427830 7.625273 -5.416700 2.368797 0.798332 -0.169769 0.565484 0.118623
1403638595.527829 7.625809 -5.392199 2.366187 0.798920 -0.169752 0.564650 0.118667
1403638595.627830 7.625200 -5.367672 2.364178 0.799525 -0.169030 0.563894 0.119215
1403638595.727829 7.622983 -5.341115 2.367901 0.800004 -0.166311 0.563115 0.123429
1403638595.827830 7.619374 -5.315095 2.374520 0.800742 -0.164728 0.561942 0.126085
1403638595.927830 7.615304 -5.288842 2.371788 0.800435 -0.164135 0.562302 0.127198
1403638596.027829 7.610656 -5.261300 2.355367 0.800170 -0.161434 0.562568 0.131090
1403638596.127830 7.606395 -5.230617 2.333398 0.801330 -0.154523 0.560422 0.141136
1403638596.227829 7.602977 -5.194064 2.316433 0.803343 -0.145822 0.556821 0.152728
1403638596.327830 7.602296 -5.149873 2.305532 0.804464 -0.137753 0.554211 0.163441
1403638596.427830 7.604212 -5.095126 2.306897 0.804436 -0.132207 0.553647 0.169940
1403638596.527829 7.607978 -5.029794 2.316463 0.804231 -0.126497 0.553286 0.176312
1403638596.627830 7.618527 -4.949973 2.334067 0.804731 -0.120645 0.551550 0.183427
1403638596.727829 7.634492 -4.853461 2.358805 0.805357 -0.115738 0.549589 0.189623
1403638596.827830 7.654620 -4.741788 2.391351 0.804971 -0.112197 0.549489 0.193638
1403638596.927830 7.681377 -4.612044 2.427718 0.803944 -0.110178 0.550516 0.196132
1403638597.027829 7.711986 -4.465778 2.462367 0.802877 -0.109967 0.551509 0.197822
1403638597.127830 7.743396 -4.307647 2.491580 0.801173 -0.108854 0.553239 0.200495
1403638597.227829 7.776616 -4.130830 2.513545 0.798959 -0.110014 0.556097 0.200792
1403638597.327830 7.811553 -3.937462 2.529504 0.796820 -0.113700 0.559738 0.197088
1403638597.427830 7.850512 -3.729570 2.540537 0.794650 -0.119438 0.563727 0.190991
1403638597.527829 7.892272 -3.507977 2.547003 0.790053 -0.128548 0.572039 0.179062
1403638597.627830 7.934885 -3.277131 2.547767 0.786625 -0.136019 0.577833 0.169792
1403638597.727829 7.973922 -3.039944 2.541988 0.785816 -0.136696 0.578954 0.169175
1403638597.827830 8.010826 -2.795591 2.530288 0.788503 -0.126895 0.576017 0.174255
1403638597.927830 8.041275 -2.540365 2.516766 0.791223 -0.115523 0.573450 0.178255
1403638598.027829 8.074440 -2.275279 2.505377 0.792257 -0.108942 0.574015 0.175976
1403638598.127830 8.108069 -1.998422 2.500908 0.792715 -0.112884 0.577118 0.160606
1403638598.227829 8.138401 -1.712715 2.503833 0.793756 -0.122439 0.579166 0.139737
1403638598.327830 8.167002 -1.422288 2.510653 0.796460 -0.129595 0.577271 0.124962
1403638598.427830 8.191857 -1.134779 2.508535 0.798507 -0.133050 0.575180 0.117692
1403638598.527829 8.218236 -0.847281 2.497053 0.800314 -0.132664 0.573560 0.113692
1403638598.627830 8.238995 -0.563479 2.479872 0.803692 -0.127486 0.570950 0.108826
1403638598.727829 8.258621 -0.282197 2.461085 0.805668 -0.117056 0.571544 0.102635
1403638598.827830 8.281624 -0.007520 2.441046 0.806943 -0.104103 0.573805 0.093563
1403638598.927830 8.298931 0.267077 2.429831 0.809576 -0.088474 0.574174 0.084162
1403638599.027829 8.314575 0.538061 2.421840 0.811431 -0.072775 0.575476 0.071487
1403638599.127830 8.327505 0.805556 2.422179 0.812686 -0.054634 0.576971 0.060502
1403638599.227829 8.335702 1.073165 2.427440 0.814313 -0.036054 0.577234 0.048938
1403638599.327830 8.339112 1.337462 2.438400 0.816425 -0.017693 0.576076 0.035686
1403638599.427830 8.342666 1.601097 2.457872 0.819417 -0.001197 0.572593 0.026278
1403638599.527829 8.345682 1.862528 2.479735 0.821749 0.009958 0.569441 0.019148
1403638599.627830 8.341378 2.120695 2.486925 0.823250 0.015668 0.567315 0.012912
1403638599.727829 8.343635 2.375620 2.482971 0.824306 0.018949 0.565725 0.010799
1403638599.827830 8.349817 2.628843 2.477135 0.824873 0.018057 0.564946 0.009676
1403638599.927830 8.358267 2.881544 2.469734 0.826070 0.014334 0.563342 0.006966
1403638600.027829 8.369042 3.131191 2.458372 0.825462 0.007833 0.564400 0.001977
1403638600.127830 8.381929 3.379082 2.442079 0.827515 -0.001596 0.561405 -0.006341
1403638600.227829 8.397597 3.622517 2.421268 0.830198 -0.013392 0.557009 -0.018245
1403638600.327830 8.414167 3.858302 2.396774 0.831832 -0.023120 0.553884 -0.027072
1403638600.427830 8.433326 4.081945 2.377264 0.832989 -0.031631 0.551278 -0.034944
1403638600.527829 8.459179 4.287451 2.366766 0.833694 -0.034714 0.549949 -0.036120
1403638600.627830 8.489485 4.486285 2.374330 0.835226 -0.036485 0.547529 -0.035764
1403638600.727829 8.524778 4.667504 2.384355 0.837560 -0.037845 0.543819 -0.036362
1403638600.827830 8.565279 4.846359 2.397586 0.841653 -0.034770 0.537900 -0.032785
1403638600.927830 8.615711 5.001062 2.413633 0.844996 -0.022523 0.534021 -0.017214
1403638601.027829 8.673157 5.147367 2.423985 0.845878 -0.011375 0.533242 -0.003603
1403638601.127830 8.739106 5.286793 2.428678 0.844675 -0.005686 0.535241 0.003096
1403638601.227829 8.810998 5.423754 2.429778 0.841714 0.001668 0.539790 0.011869
1403638601.327830 8.890035 5.559743 2.428264 0.834434 0.008298 0.550745 0.018176
1403638601.427830 8.972681 5.700619 2.427906 0.830036 0.010849 0.557551 0.007739
1403638601.527829 9.057361 5.840651 2.433472 0.825804 0.020613 0.563566 -0.004061
1403638601.627830 9.140169 5.981597 2.444799 0.822514 0.037887 0.567276 -0.015260
1403638601.727829 9.222688 6.122838 2.463274 0.819978 0.061072 0.568466 -0.027423
1403638601.827830 9.301907 6.264766 2.489768 0.815684 0.088923 0.570147 -0.041035
1403638601.927830 9.377343 6.407996 2.521255 0.811198 0.116637 0.570353 -0.055239
1403638602.027829 9.452449 6.550999 2.548590 0.808789 0.136856 0.567869 -0.068228
1403638602.127830 9.523100 6.694598 2.568784 0.805662 0.152333 0.567325 -0.076453
1403638602.227829 9.588604 6.838209 2.579054 0.799239 0.169117 0.570878 -0.081941
1403638602.327830 9.652234 6.986935 2.587339 0.790575 0.185289 0.575824 -0.095319
1403638602.427830 9.709413 7.138030 2.603353 0.774767 0.193201 0.588318 -0.127635
1403638602.527829 9.756846 7.286097 2.629458 0.751032 0.198846 0.608015 -0.163490
1403638602.627830 9.790065 7.425922 2.657886 0.733979 0.207112 0.617564 -0.192341
1403638602.727829 9.809594 7.547740 2.694575 0.727807 0.224285 0.613950 -0.207507
1403638602.827830 9.813083 7.652276 2.737475 0.724062 0.245702 0.607320 -0.215704
1403638602.927830 9.792451 7.741647 2.781661 0.722358 0.263870 0.596516 -0.229651
1403638603.027829 9.767550 7.818611 2.827421 0.721038 0.277478 0.582989 -0.251463
1403638603.127830 9.735220 7.879879 2.868846 0.713254 0.291627 0.578089 -0.268394
1403638603.227829 9.695624 7.925152 2.899670 0.712550 0.307740 0.568315 -0.273105
1403638603.327830 9.652000 7.957389 2.921133 0.724504 0.324535 0.546284 -0.267107
1403638603.427830 9.605449 7.981307 2.934514 0.735386 0.335675 0.527368 -0.261559
1403638603.527829 9.559879 8.000679 2.944313 0.738923 0.341006 0.519841 -0.259755
1403638603.627830 9.512573 8.021303 2.952391 0.732958 0.343123 0.524782 -0.263900
1403638603.727829 9.463860 8.035796 2.955914 0.724536 0.348168 0.534581 -0.260864
1403638603.827830 9.415112 8.043344 2.950560 0.716552 0.353636 0.544645 -0.254670
1403638603.927830 9.360957 8.046181 2.936916 0.709265 0.358221 0.554189 -0.247982
1403638604.027829 9.296724 8.048011 2.919094 0.704225 0.360802 0.561325 -0.242494
1403638604.127830 9.223655 8.047334 2.900001 0.701240 0.362406 0.565581 -0.238835
1403638604.227829 9.138984 8.042231 2.887710 0.702636 0.360941 0.563438 -0.241996
1403638604.327830 9.044252 8.034940 2.882346 0.709235 0.356913 0.554826 -0.248529
1403638604.427830 8.935244 8.013995 2.880977 0.717000 0.355878 0.544142 -0.251337
1403638604.527829 8.827606 7.994061 2.888101 0.724272 0.357813 0.534501 -0.248412
1403638604.627830 8.717624 7.971085 2.894768 0.727411 0.358572 0.530131 -0.247507
1403638604.727829 8.605783 7.948322 2.895467 0.730083 0.355899 0.526296 -0.251649
1403638604.827830 8.493383 7.924807 2.893127 0.732450 0.353539 0.523052 -0.254841
1403638604.927830 8.381300 7.899768 2.893431 0.736640 0.354445 0.517321 -0.253200
1403638605.027829 8.268824 7.875226 2.899513 0.743916 0.356357 0.506951 -0.250199
1403638605.127830 8.159596 7.851087 2.914544 0.749414 0.358289 0.498860 -0.247278
1403638605.227829 8.057081 7.830743 2.935430 0.751379 0.360428 0.495915 -0.244111
1403638605.327830 7.960798 7.815031 2.953691 0.750437 0.363778 0.497244 -0.239289
1403638605.427830 7.868607 7.803493 2.967206 0.742792 0.368988 0.507965 -0.232548
1403638605.527829 7.778595 7.795263 2.976427 0.732532 0.373734 0.521934 -0.226505
1403638605.627830 7.686297 7.789700 2.979689 0.724940 0.378483 0.531624 -0.220427
1403638605.727829 7.585100 7.788592 2.981468 0.721486 0.380750 0.535800 -0.217730
1403638605.827830 7.477412 7.793500 2.990723 0.721959 0.381757 0.535045 -0.216249
1403638605.927830 7.364502 7.805174 3.006445 0.721364 0.383363 0.535840 -0.213409
1403638606.027829 7.247336 7.823890 3.026167 0.720615 0.385233 0.537097 -0.209372
1403638606.127830 7.119401 7.845839 3.039293 0.720561 0.386156 0.537601 -0.206543
1403638606.227829 6.987264 7.873056 3.046381 0.720603 0.387684 0.537599 -0.203517
1403638606.327830 6.848269 7.907953 3.046399 0.724529 0.385646 0.533327 -0.204690
1403638606.427830 6.703184 7.946943 3.038640 0.734766 0.379855 0.520586 -0.211706
1403638606.527829 6.556230 7.990162 3.025405 0.745372 0.372930 0.506758 -0.220316
1403638606.627830 6.411476 8.039785 3.006840 0.751575 0.371375 0.496178 -0.225883
1403638606.727829 6.270019 8.096028 2.983719 0.753214 0.377667 0.486940 -0.230057
1403638606.827830 6.133241 8.160249 2.957015 0.750906 0.388602 0.478661 -0.236672
1403638606.927830 6.002997 8.233852 2.932720 0.745164 0.402683 0.471024 -0.246401
1403638607.027829 5.880413 8.316358 2.913640 0.737128 0.417463 0.463553 -0.259779
1403638607.127830 5.766006 8.405540 2.902715 0.729649 0.427012 0.456916 -0.276586
1403638607.227829 5.660095 8.501314 2.896154 0.717035 0.433238 0.462024 -0.291032
1403638607.327830 5.557760 8.602330 2.884606 0.705308 0.435296 0.469949 -0.303655
1403638607.427830 5.462532 8.702986 2.867619 0.698823 0.435958 0.473121 -0.312640
1403638607.527829 5.370499 8.803339 2.841501 0.697977 0.436557 0.471105 -0.316711
1403638607.627830 5.280919 8.898828 2.811438 0.696723 0.437833 0.470979 -0.317897
1403638607.727829 5.198177 8.989656 2.779383 0.694324 0.438256 0.474277 -0.317659
1403638607.827830 5.118680 9.078121 2.744121 0.694862 0.437952 0.474177 -0.317050
1403638607.927830 5.044327 9.165255 2.702593 0.699092 0.434510 0.469540 -0.319380
1403638608.027829 4.975386 9.249806 2.656595 0.700762 0.430938 0.468744 -0.321720
1403638608.127830 4.912999 9.331282 2.604783 0.697983 0.430050 0.474558 -0.320424
1403638608.227829 4.856412 9.409737 2.548633 0.693787 0.430919 0.481970 -0.317290
1403638608.327830 4.798526 9.482294 2.491163 0.688758 0.429412 0.490417 -0.317347
1403638608.427830 4.743108 9.548089 2.428945 0.684849 0.428858 0.495691 -0.318360
1403638608.527829 4.686149 9.612826 2.362077 0.686725 0.429510 0.493614 -0.316663
1403638608.627830 4.631957 9.671896 2.290995 0.685743 0.427330 0.495295 -0.319106
1403638608.727829 4.571254 9.722241 2.227970 0.682716 0.425314 0.498730 -0.322916
1403638608.827830 4.511768 9.770260 2.167491 0.685445 0.426641 0.495022 -0.321086
1403638608.927830 4.456535 9.813747 2.114244 0.689362 0.428157 0.489384 -0.319320
1403638609.027829 4.402394 9.851772 2.068019 0.693126 0.428313 0.483812 -0.319453
1403638609.127830 4.348868 9.891284 2.025214 0.694745 0.428885 0.481754 -0.318277
1403638609.227829 4.299901 9.924160 1.987774 0.694831 0.423916 0.481509 -0.325043
1403638609.327830 4.254288 9.952442 1.944514 0.695230 0.420850 0.480986 -0.328927
1403638609.427830 4.213452 9.975155 1.895150 0.695112 0.422713 0.481591 -0.325888
1403638609.527829 4.175453 9.993447 1.839685 0.695093 0.424802 0.482211 -0.322275
1403638609.627830 4.138404 10.009796 1.778027 0.695217 0.425399 0.482851 -0.320257
1403638609.727829 4.103097 10.025174 1.713738 0.694082 0.427530 0.484626 -0.317183
1403638609.827830 4.070434 10.034692 1.649642 0.695086 0.426945 0.483383 -0.317669
1403638609.927830 4.042235 10.040885 1.596094 0.694605 0.426698 0.484110 -0.317947
1403638610.027829 4.014223 10.044149 1.549506 0.693506 0.424675 0.486051 -0.320086
1403638610.127830 3.988975 10.045316 1.511219 0.690621 0.422355 0.490138 -0.323146
1403638610.227829 3.966468 10.041778 1.472637 0.687834 0.421321 0.494059 -0.324468
1403638610.327830 3.945022 10.033680 1.427365 0.686933 0.420049 0.495578 -0.325706
1403638610.427830 3.922769 10.022294 1.376207 0.686771 0.418328 0.496572 -0.326746
1403638610.527829 3.900442 10.005422 1.319317 0.683847 0.418182 0.501019 -0.326278
1403638610.627830 3.880333 9.981284 1.262741 0.676704 0.414249 0.510324 -0.331722
1403638610.727829 3.857556 9.948062 1.207265 0.677429 0.414517 0.509012 -0.331922
1403638610.827830 3.834430 9.908006 1.155273 0.684759 0.417842 0.498388 -0.328821
1403638610.927830 3.814521 9.864643 1.113201 0.687741 0.420397 0.493168 -0.327206
1403638611.027829 3.795265 9.817057 1.075206 0.686904 0.418445 0.494212 -0.329880
1403638611.127830 3.776443 9.762378 1.032778 0.684280 0.417378 0.497065 -0.332389
1403638611.227829 3.759513 9.703020 0.984841 0.683696 0.418453 0.497093 -0.332197
1403638611.327830 3.743185 9.636543 0.940376 0.683041 0.420810 0.497791 -0.329512
1403638611.427830 3.725899 9.564216 0.902176 0.678471 0.427915 0.504925 -0.318773
1403638611.527829 3.707582 9.487307 0.871650 0.675632 0.434861 0.509372 -0.308151
1403638611.627830 3.686971 9.408356 0.846030 0.677515 0.437735 0.507387 -0.303183
1403638611.727829 3.659368 9.327773 0.823621 0.681659 0.436031 0.502065 -0.305204
1403638611.827830 3.628769 9.246469 0.796855 0.687546 0.430931 0.494410 -0.311669
1403638611.927830 3.596466 9.165962 0.765336 0.692315 0.427316 0.488526 -0.315345
1403638612.027829 3.564042 9.085905 0.733138 0.695149 0.425556 0.485035 -0.316876
1403638612.127830 3.536478 9.004164 0.705619 0.697068 0.423933 0.482758 -0.318312
1403638612.227829 3.511292 8.922140 0.685412 0.697682 0.424058 0.482294 -0.317501
1403638612.327830 3.485812 8.837758 0.670834 0.697349 0.424279 0.482971 -0.316908
1403638612.427830 3.463755 8.754530 0.658588 0.696485 0.423986 0.485112 -0.315929
1403638612.527829 3.443435 8.668336 0.639017 0.694404 0.423917 0.489414 -0.313961
1403638612.627830 3.424582 8.581779 0.613660 0.692702 0.425793 0.493176 -0.309260
1403638612.727829 3.405304 8.495263 0.584490 0.690942 0.427039 0.497211 -0.304990
1403638612.827830 3.383585 8.408895 0.550597 0.690000 0.425464 0.500447 -0.304029
1403638612.927830 3.359683 8.320166 0.523055 0.689517 0.423298 0.502349 -0.305009
1403638613.027829 3.332963 8.233635 0.499148 0.691974 0.422334 0.499843 -0.304898
1403638613.127830 3.303483 8.146318 0.482809 0.693455 0.421476 0.498345 -0.305172
1403638613.227829 3.278949 8.057822 0.471689 0.694986 0.421448 0.496072 -0.305432
1403638613.327830 3.248359 7.971776 0.469229 0.695555 0.421999 0.495419 -0.304434
1403638613.427830 3.219721 7.885743 0.468827 0.694741 0.422823 0.496259 -0.303780
1403638613.527829 3.185569 7.800174 0.463617 0.694660 0.419356 0.498657 -0.304844
1403638613.627830 3.150718 7.714273 0.452085 0.696184 0.413225 0.500580 -0.306583
1403638613.727829 3.118012 7.626080 0.432273 0.695020 0.406812 0.504922 -0.310652
1403638613.827830 3.079689 7.534985 0.405657 0.695519 0.399432 0.510268 -0.310376
1403638613.927830 3.047412 7.438268 0.372016 0.699565 0.390705 0.514544 -0.305291
1403638614.027829 3.009463 7.337444 0.336110 0.706704 0.379859 0.519061 -0.294707
1403638614.127830 2.973239 7.232926 0.295640 0.716078 0.366897 0.522688 -0.281810
1403638614.227829 2.933237 7.125668 0.259045 0.726009 0.353527 0.525333 -0.268242
1403638614.327830 2.892817 7.016974 0.226819 0.733891 0.342155 0.526839 -0.258407
1403638614.427830 2.846814 6.907161 0.203932 0.739756 0.332276 0.527538 -0.253094
1403638614.527829 2.804304 6.796735 0.188510 0.744125 0.324224 0.527723 -0.250332
1403638614.627830 2.756032 6.686286 0.186663 0.748685 0.313992 0.529196 -0.246639
1403638614.727829 2.715129 6.575013 0.194190 0.756250 0.299632 0.527866 -0.244264
1403638614.827830 2.675759 6.458786 0.211785 0.767042 0.282577 0.524107 -0.238974
1403638614.927830 2.641719 6.338511 0.231353 0.777389 0.264842 0.522911 -0.228230
1403638615.027829 2.616370 6.212456 0.261749 0.786472 0.244394 0.525414 -0.213714
1403638615.127830 2.598164 6.083258 0.296586 0.792831 0.223261 0.533105 -0.193323
1403638615.227829 2.584446 5.951853 0.338317 0.794833 0.202404 0.546531 -0.169045
1403638615.327830 2.572396 5.820700 0.381018 0.797918 0.178316 0.556769 -0.146763
1403638615.427830 2.562226 5.689724 0.416917 0.801364 0.152431 0.564583 -0.125802
1403638615.527829 2.550799 5.559860 0.444154 0.805302 0.126731 0.569374 -0.106024
1403638615.627830 2.538963 5.431760 0.463750 0.807739 0.105430 0.572916 -0.090610
1403638615.727829 2.526372 5.306428 0.481763 0.809519 0.090507 0.574480 -0.080373
1403638615.827830 2.514016 5.182875 0.507814 0.810685 0.079589 0.575380 -0.073435
1403638615.927830 2.497500 5.058770 0.537940 0.811652 0.066830 0.576283 -0.068217
1403638616.027829 2.479951 4.933553 0.564007 0.813255 0.054771 0.576217 -0.059922
1403638616.127830 2.461159 4.808194 0.578268 0.814040 0.041975 0.577126 -0.050033
1403638616.227829 2.442628 4.682656 0.578676 0.815321 0.025436 0.577040 -0.040365
1403638616.327830 2.422920 4.557583 0.562424 0.816127 0.006307 0.577164 -0.027890
1403638616.427830 2.400674 4.430606 0.535436 0.816658 -0.012814 0.576787 -0.014939
1403638616.527829 2.378370 4.311947 0.502524 0.817329 -0.028632 0.575435 -0.005357
1403638616.627830 2.355491 4.192739 0.465607 0.820190 -0.039835 0.570697 0.002469
1403638616.727829 2.332889 4.070265 0.425466 0.827347 -0.049648 0.559478 0.004043
1403638616.827830 2.314575 3.949958 0.380347 0.834891 -0.059301 0.547211 -0.000700
1403638616.927830 2.303797 3.827336 0.339331 0.836966 -0.062427 0.543682 -0.000947
1403638617.027829 2.299280 3.697161 0.310332 0.833749 -0.057824 0.549072 0.006211
1403638617.127830 2.301181 3.563779 0.290858 0.829939 -0.051170 0.555343 0.013294
1403638617.227829 2.303430 3.430922 0.279910 0.829756 -0.045731 0.555997 0.016769
1403638617.327830 2.312931 3.298899 0.273817 0.832990 -0.042959 0.551381 0.016146
1403638617.427830 2.323822 3.168875 0.274519 0.837117 -0.039448 0.545332 0.017081
1403638617.527829 2.343289 3.041128 0.282637 0.838815 -0.036226 0.542941 0.017103
1403638617.627830 2.372553 2.918208 0.300113 0.838386 -0.033341 0.543784 0.017185
1403638617.727829 2.409229 2.798711 0.327730 0.836705 -0.029103 0.546551 0.018945
1403638617.827830 2.450511 2.682723 0.360761 0.836602 -0.026299 0.546841 0.019235
1403638617.927830 2.498256 2.570618 0.401522 0.835430 -0.025125 0.548738 0.017645
1403638618.027829 2.549580 2.458639 0.440697 0.835003 -0.023937 0.549475 0.016540
1403638618.127830 2.604721 2.349858 0.474443 0.835183 -0.023395 0.549281 0.014578
1403638618.227829 2.662860 2.244528 0.501480 0.834946 -0.022189 0.549704 0.014108
1403638618.327830 2.724600 2.139857 0.522835 0.834303 -0.020528 0.550737 0.014329
1403638618.427830 2.793567 2.042495 0.539267 0.834234 -0.019460 0.550884 0.014209
1403638618.527829 2.864153 1.944909 0.554453 0.833676 -0.018220 0.551788 0.013524
1403638618.627830 2.938642 1.850809 0.567102 0.833308 -0.020052 0.552207 0.016220
1403638618.727829 3.017482 1.758957 0.581218 0.833033 -0.022151 0.552409 0.020246
1403638618.827830 3.099230 1.669796 0.599871 0.831738 -0.025893 0.554154 0.021318
1403638618.927830 3.184418 1.584488 0.625056 0.829005 -0.031187 0.557766 0.025990
1403638619.027829 3.271058 1.500766 0.645458 0.824361 -0.042571 0.563396 0.034668
1403638619.127830 3.356783 1.425639 0.662217 0.820557 -0.058694 0.566409 0.049210
1403638619.227829 3.442812 1.349374 0.669112 0.816676 -0.080404 0.567983 0.063012
1403638619.327830 3.526311 1.275562 0.669121 0.812836 -0.105251 0.567507 0.078460
1403638619.427830 3.609235 1.204897 0.659484 0.808032 -0.128541 0.567590 0.091670
1403638619.527829 3.691568 1.138079 0.647674 0.803888 -0.146862 0.567649 0.099856
1403638619.627830 3.773295 1.074443 0.632961 0.800867 -0.162206 0.567273 0.102481
1403638619.727829 3.853282 1.011877 0.614812 0.798180 -0.176887 0.567660 0.096856
1403638619.827830 3.929819 0.948087 0.596065 0.795349 -0.185768 0.569199 0.094456
1403638619.927830 4.002727 0.882250 0.573679 0.793788 -0.190720 0.569669 0.094889
1403638620.027829 4.068330 0.815157 0.554466 0.792552 -0.192789 0.570241 0.097565
1403638620.127830 4.129529 0.742343 0.538037 0.789849 -0.192728 0.573435 0.100830
1403638620.227829 4.184384 0.670398 0.528828 0.787624 -0.192259 0.576132 0.103714
1403638620.327830 4.232380 0.593409 0.528285 0.789468 -0.189630 0.573766 0.107576
1403638620.427830 4.275814 0.517085 0.533416 0.790651 -0.187929 0.572448 0.108893
1403638620.527829 4.315959 0.439396 0.543816 0.792084 -0.185744 0.571059 0.109516
1403638620.627830 4.355351 0.361574 0.546465 0.794288 -0.185010 0.568578 0.107686
1403638620.727829 4.390528 0.283283 0.542457 0.797532 -0.185603 0.564536 0.103886
1403638620.827830 4.422452 0.201686 0.535712 0.800720 -0.183972 0.560801 0.102488
1403638620.927830 4.452795 0.119919 0.523504 0.802596 -0.177969 0.559127 0.107443
1403638621.027829 4.481357 0.037712 0.508919 0.801818 -0.172054 0.561180 0.112081
1403638621.127830 4.508695 -0.045349 0.493834 0.800701 -0.168846 0.563635 0.112627
1403638621.227829 4.538855 -0.123914 0.487935 0.799183 -0.166463 0.566527 0.112447
1403638621.327830 4.566164 -0.203810 0.488079 0.799650 -0.163349 0.566483 0.113905
1403638621.427830 4.591440 -0.279226 0.489461 0.798544 -0.161276 0.568642 0.113859
1403638621.527829 4.615296 -0.350642 0.484682 0.796574 -0.158888 0.571878 0.114806
1403638621.627830 4.638513 -0.419105 0.474140 0.795008 -0.157163 0.574587 0.114508
1403638621.727829 4.657112 -0.484239 0.460793 0.794235 -0.156104 0.575862 0.114914
1403638621.827830 4.673893 -0.546402 0.442296 0.792052 -0.154159 0.579130 0.116176
1403638621.927830 4.683292 -0.600680 0.423596 0.788666 -0.152654 0.583790 0.117866
1403638622.027829 4.687324 -0.645423 0.400183 0.787166 -0.152805 0.585922 0.117113
1403638622.127830 4.689223 -0.689428 0.374156 0.787907 -0.154874 0.584891 0.114542
1403638622.227829 4.685107 -0.731380 0.344844 0.788258 -0.156616 0.584426 0.112105
1403638622.327830 4.676486 -0.771910 0.322742 0.788242 -0.158619 0.584340 0.109825
1403638622.427830 4.661389 -0.809248 0.309548 0.789125 -0.157953 0.582864 0.112259
1403638622.527829 4.639680 -0.843773 0.306410 0.789256 -0.156751 0.582464 0.115062
1403638622.627830 4.615383 -0.874223 0.309098 0.787729 -0.154237 0.584209 0.119974
1403638622.727829 4.585853 -0.901983 0.322822 0.779871 -0.152596 0.594431 0.123156
1403638622.827830 4.552597 -0.922356 0.342679 0.770338 -0.152121 0.606430 0.125226
1403638622.927830 4.511300 -0.938962 0.364445 0.770501 -0.153394 0.606015 0.124675
1403638623.027829 4.459198 -0.947056 0.380008 0.776664 -0.156507 0.597873 0.121849
1403638623.127830 4.395873 -0.944402 0.387649 0.782172 -0.160207 0.590448 0.117949
1403638623.227829 4.326160 -0.941336 0.390703 0.785059 -0.163263 0.586541 0.114006
1403638623.327830 4.253537 -0.938682 0.388931 0.788421 -0.165257 0.581914 0.111621
1403638623.427830 4.177931 -0.936814 0.383680 0.791140 -0.165349 0.578164 0.111734
1403638623.527829 4.100010 -0.933798 0.376400 0.791588 -0.166245 0.577539 0.110453
1403638623.627830 4.019014 -0.929849 0.375015 0.790977 -0.164932 0.578196 0.113322
1403638623.727829 3.933657 -0.924746 0.381932 0.791722 -0.164590 0.576915 0.115127
1403638623.827830 3.847435 -0.919686 0.390865 0.792518 -0.164236 0.575588 0.116792
1403638623.927830 3.760231 -0.910582 0.407562 0.794178 -0.164908 0.572775 0.118390
1403638624.027829 3.671145 -0.903530 0.420563 0.794901 -0.165956 0.571445 0.118501
1403638624.127830 3.582428 -0.892350 0.430053 0.795353 -0.168882 0.570403 0.116332
1403638624.227829 3.493363 -0.881013 0.433769 0.795265 -0.171867 0.570125 0.113894
1403638624.327830 3.405443 -0.867972 0.434419 0.794600 -0.173910 0.570618 0.112968
1403638624.427830 3.314546 -0.856672 0.427149 0.794361 -0.175274 0.570552 0.112875
1403638624.527829 3.222166 -0.845984 0.416794 0.791241 -0.177677 0.574334 0.111839
1403638624.627830 3.128153 -0.832910 0.404817 0.781660 -0.180157 0.586959 0.109685
1403638624.727829 3.030597 -0.822928 0.390746 0.784178 -0.173438 0.584790 0.114037
1403638624.827830 2.931744 -0.809518 0.384989 0.791254 -0.164189 0.577227 0.117338
1403638624.927830 2.828075 -0.795964 0.385966 0.795723 -0.158922 0.573074 0.114693
1403638625.027829 2.724754 -0.778575 0.391774 0.797251 -0.157447 0.572727 0.107630
1403638625.127830 2.621574 -0.765050 0.393303 0.798289 -0.157974 0.572620 0.099420
1403638625.227829 2.515642 -0.752070 0.389972 0.799403 -0.157107 0.571995 0.095361
1403638625.327830 2.411248 -0.740111 0.385077 0.799725 -0.155705 0.572131 0.094142
1403638625.427830 2.306899 -0.729161 0.381254 0.799599 -0.154486 0.572703 0.093741
1403638625.527829 2.201521 -0.719366 0.385515 0.799433 -0.154005 0.573064 0.093738
1403638625.627830 2.095665 -0.712389 0.396689 0.800887 -0.153777 0.571006 0.094257
1403638625.727829 1.990518 -0.704479 0.411112 0.803762 -0.154587 0.566914 0.093153
1403638625.827830 1.885508 -0.699651 0.423815 0.808076 -0.155657 0.560594 0.092298
1403638625.927830 1.783205 -0.696131 0.432454 0.809063 -0.155449 0.559037 0.093433
1403638626.027829 1.682927 -0.694309 0.436125 0.809845 -0.156487 0.557634 0.093310
1403638626.127830 1.580936 -0.693069 0.432764 0.810168 -0.158319 0.556927 0.091626
1403638626.227829 1.477679 -0.694945 0.426733 0.810056 -0.157625 0.557034 0.093148
1403638626.327830 1.382379 -0.697662 0.415909 0.808166 -0.153628 0.559790 0.099505
1403638626.427830 1.289536 -0.702134 0.404053 0.806062 -0.149399 0.562933 0.105120
1403638626.527829 1.199536 -0.705737 0.387261 0.807379 -0.148009 0.561145 0.106525
1403638626.627830 1.111918 -0.704706 0.371721 0.809488 -0.148753 0.558129 0.105326
1403638626.727829 1.026968 -0.704143 0.359016 0.812344 -0.149527 0.554072 0.103647
1403638626.827830 0.947799 -0.704562 0.352722 0.815574 -0.150586 0.549345 0.101892
1403638626.927830 0.874358 -0.705215 0.353071 0.817903 -0.150113 0.546006 0.101868
1403638627.027829 0.806057 -0.706272 0.354759 0.817977 -0.149992 0.546050 0.101217
1403638627.127830 0.741413 -0.707477 0.353031 0.817795 -0.149791 0.546508 0.100512
1403638627.227829 0.683025 -0.710092 0.347524 0.817730 -0.149583 0.546771 0.099916
1403638627.327830 0.628539 -0.710401 0.334545 0.817668 -0.147404 0.546959 0.102602
1403638627.427830 0.579664 -0.712191 0.323443 0.817535 -0.146350 0.547217 0.103784
1403638627.527829 0.535992 -0.714645 0.310344 0.817180 -0.146643 0.547725 0.103492
1403638627.627830 0.497382 -0.717200 0.296321 0.815185 -0.145091 0.550488 0.106702
1403638627.727829 0.462741 -0.719008 0.282013 0.812168 -0.144829 0.554806 0.107694
1403638627.827830 0.431012 -0.719983 0.266091 0.810883 -0.144440 0.556549 0.108897
1403638627.927830 0.402327 -0.719672 0.249446 0.812069 -0.144403 0.554687 0.109612
1403638628.027829 0.376184 -0.716904 0.234042 0.813651 -0.144437 0.552120 0.110788
1403638628.127830 0.353699 -0.712771 0.220391 0.814630 -0.144938 0.550437 0.111310
1403638628.227829 0.335277 -0.706940 0.208879 0.814781 -0.145627 0.549966 0.111631
1403638628.327830 0.320810 -0.695407 0.200491 0.815452 -0.146836 0.548715 0.111306
1403638628.427830 0.311260 -0.682820 0.193462 0.814974 -0.148989 0.549329 0.108893
1403638628.527829 0.305277 -0.673152 0.189842 0.809134 -0.155295 0.557714 0.100698
1403638628.627830 0.301518 -0.664886 0.189306 0.802380 -0.159930 0.567164 0.094523
1403638628.727829 0.296166 -0.658588 0.188506 0.801875 -0.161669 0.567795 0.092023
1403638628.827830 0.285698 -0.653301 0.186010 0.803371 -0.159667 0.565642 0.095661
1403638628.927830 0.275392 -0.651444 0.176817 0.803481 -0.157171 0.565434 0.100000
1403638629.027829 0.265095 -0.649914 0.168385 0.804543 -0.153666 0.563996 0.104909
1403638629.127830 0.257486 -0.647390 0.159964 0.805831 -0.150997 0.562207 0.108436
1403638629.227829 0.248252 -0.643447 0.154057 0.806863 -0.149513 0.560804 0.110077
1403638629.327830 0.239076 -0.638285 0.151600 0.807710 -0.148815 0.559522 0.111328
1403638629.427830 0.231279 -0.631598 0.150714 0.811806 -0.149758 0.553413 0.110808
1403638629.527829 0.226246 -0.623204 0.149326 0.816437 -0.152320 0.546406 0.108029
1403638629.627830 0.227009 -0.614818 0.149528 0.816676 -0.157797 0.545848 0.100947
1403638629.727829 0.231332 -0.608675 0.151854 0.812565 -0.165500 0.551446 0.090853
1403638629.827830 0.238043 -0.605990 0.153493 0.806510 -0.168796 0.559866 0.087175
1403638629.927830 0.243492 -0.607119 0.150040 0.800415 -0.166021 0.568539 0.092395
1403638630.027829 0.248361 -0.610976 0.137572 0.794700 -0.158676 0.576736 0.103200
1403638630.127830 0.249459 -0.614451 0.112577 0.795103 -0.154063 0.576245 0.109629
1403638630.227829 0.248402 -0.617401 0.080431 0.799180 -0.151930 0.570681 0.112037
1403638630.327830 0.246035 -0.618663 0.041054 0.805700 -0.151480 0.561094 0.114346
1403638630.427830 0.256020 -0.615975 0.037100 0.811753 -0.157912 0.553356 0.099592
1403638630.527829 0.267796 -0.616109 0.043510 0.802209 -0.150379 0.567473 0.108725
1403638630.627830 0.277833 -0.615418 0.029569 0.801370 -0.150634 0.568439 0.109509
1403638630.727829 0.283159 -0.618882 0.010137 0.827564 -0.144121 0.533304 0.099771
1403638630.827830 0.275245 -0.623696 0.003450 0.824991 -0.146093 0.535905 0.104173
1403638630.927830 0.270445 -0.626159 -0.003573 0.825805 -0.144207 0.535352 0.103191
1403638631.027829 0.264046 -0.632878 -0.004193 0.825940 -0.144374 0.535171 0.102818
1403638631.127830 0.260748 -0.642514 0.001831 0.826005 -0.144572 0.535137 0.102198
1403638631.227829 0.254854 -0.647123 0.001371 0.825977 -0.144310 0.535217 0.102372
1403638631.327830 0.263384 -0.652682 0.018443 0.826208 -0.144479 0.534877 0.102045
1403638631.427830 0.273842 -0.649462 0.018939 0.826358 -0.144462 0.534573 0.102441
1403638631.527829 0.284188 -0.634856 0.016943 0.826423 -0.144754 0.534361 0.102611
1403638631.627830 0.291608 -0.625347 0.020742 0.826380 -0.144771 0.534331 0.103088
